816
1010
908
832
1057
982
787
1082
859
778
865
820
775
987
931
947
968
801
775
656
769
908
954
1092
1209
870
678
1018
908
835
827
777
1097
877
803
827
690
917
879
650
780
852
907
832
855
1079
733
923
861
937
781
1041
812
868
886
1055
853
1004
810
885
898
874
911
1146
1170
887
1079
739
1059
667
904
985
1040
705
784
793
667
817
975
782
856
901
1127
819
909
911
896
1106
660
911
1101
804
881
798
1047
705
833
852
1177
890
781
820
1009
989
774
1036
872
743
958
843
1071
920
852
843
824
1091
850
877
1041
807
838
908
837
1047
881
771
921
1139
742
738
885
951
980
794
1211
828
763
723
815
929
760
717
861
1039
872
1087
821
1064
1017
987
754
758
762
774
751
1143
962
689
876
832
901
873
745
652
1037
730
1019
876
1081
933
685
918
791
1113
900
898
643
871
725
903
752
804
940
960
734
640
743
1157
727
764
1081
740
806
863
873
768
769
677
1065
1102
900
1125
1006
941
857
1184
872
1111
669
932
820
921
1017
1098
932
882
828
684
977
844
687
1041
774
1081
821
683
667
1046
695
1013
814
1038
1118
1301
1006
734
898
1009
1125
990
880
1003
1194
820
746
1129
940
917
680
1154
1166
952
961
1141
1199
926
898
939
974
1021
650
1226
1270
1316
954
963
922
1107
1221
831
999
903
909
949
1010
1113
1231
1118
847
954
1208
1119
715
821
1175
1003
1062
1192
1237
1277
1075
1300
951
1050
1398
979
1212
1247
1062
1052
1332
1167
971
1092
1064
1036
1307
892
955
1069
1171
1018
986
1206
1032
1276
1197
1021
1125
1044
798
961
1209
1076
1060
1331
1018
1151
1042
1245
1282
807
1180
1087
1056
1282
925
1007
1047
1238
1060
1231
1128
1026
920
1057
1153
1071
1273
1129
1161
1212
1182
1359
1243
1186
944
1423
1176
1182
1225
1087
1165
1341
1256
1171
1215
1051
1103
1201
1115
1268
1204
1177
1408
1310
1271
1283
1370
1394
1367
1077
1340
1139
1189
1323
1192
1063
1428
1334
1337
1163
1239
1278
1204
1416
1349
961
1465
1364
1336
1390
1289
1358
1390
1268
1212
1301
1323
1072
1220
1334
1571
1237
1381
1501
1344
1407
1479
1393
1363
1479
1432
1309
1497
1443
1322
1255
1106
1383
1416
1334
1293
1273
1110
1444
1053
1195
1387
1348
1340
1354
1261
1358
1562
1510
1426
1472
1201
1218
1458
1507
1302
1349
1344
1237
1380
1543
1402
1341
1335
1441
1323
1181
1278
1414
1363
1523
1390
1386
1459
1580
1408
1551
1275
1468
1298
1451
1309
1485
1442
1508
1484
1509
1193
1331
1338
1460
1486
1315
1488
1405
1350
1278
1527
1473
1504
1579
1499
1412
1394
1525
1350
1418
1432
1521
1515
1344
1434
1388
1550
1452
1406
1502
1438
1553
1414
1429
1478
1534
1561
1578
1545
1606
1457
1409
1547
1429
1543
1500
1571
1576
1528
1477
1523
1553
1503
1576
1566
1558
1604
1503
1495
1499
1567
1573
1451
1594
1500
1549
1462
1419
1528
1523
1579
1597
1475
1549
1579
1615
1590
1558
1579
1413
1505
1527
1577
1577
1547
1546
1527
1537
1451
1541
1544
1559
1500
1536
1561
1487
1444
1529
1541
1545
1533
1530
1584
1576
1601
1428
1497
1528
1577
1502
1547
1599
1490
1538
1574
1520
1446
1460
1520
1527
1520
1528
1567
1607
1576
1538
1604
1490
1612
1597
1503
1603
1453
1538
1516
1573
1524
1579
1609
1516
1594
1551
1615
1576
1596
1437
1541
1561
1534
1572
1615
1553
1608
1560
1558
1467
1502
1439
1530
1612
1438
1615
1543
1540
1538
1540
1530
1544
1576
1539
1615
1594
1543
1579
1569
1503
1563
1579
1579
1565
1482
1489
1512
1528
1615
1540
1599
1526
1516
1515
1375
1615
1609
1574
1612
1551
1474
1558
1576
1615
1606
1573
1574
1615
1551
1584
1595
1535
1602
1602
1528
1612
1500
1503
1554
1548
1603
1602
1492
1607
1487
1538
1458
1496
1574
1558
1616
1609
1601
1558
1474
1615
1503
1597
1592
1591
1602
1574
1576
1513
1539
1612
1612
1609
1533
1517
1518
1477
1501
1492
1510
1615
1467
1436
1615
1612
1604
1612
1538
1538
1589
1597
1577
1382
1615
1612
1508
1532
1541
1546
1496
1561
1541
1579
1480
1591
1535
1615
1503
1531
1610
1543
1528
1615
1487
1574
1574
1615
1616
1467
1541
1572
1612
1596
1523
1586
1536
1615
1607
1561
1612
1501
1541
1558
1615
1541
1492
1612
1615
1544
1615
1604
1454
1543
1608
1532
1508
1452
1574
1509
1612
1598
1569
1615
1594
1615
1558
1615
1521
1534
1560
1529
1541
1574
1562
1500
1481
1541
1505
1561
1612
1499
1558
1557
1615
1553
1461
1546
1577
1554
1606
1508
1561
1520
1615
1544
1546
1586
1495
1475
1566
1577
1537
1351
1469
1481
1492
1577
1522
1458
1545
1488
1577
1612
1608
1418
1511
1490
1527
1523
1577
1541
1577
1600
1424
1526
1546
1540
1607
1503
1549
1444
1541
1486
1528
1533
1594
1601
1612
1533
1600
1559
1496
1541
1577
1539
1584
1528
1567
1528
1616
1571
1594
1605
1574
1505
1541
1401
1444
1546
1612
1524
1577
1520
1452
1533
1480
1536
1509
1500
1434
1525
1545
1541
1487
1435
1489
1550
1454
1600
1615
1605
1419
1526
1548
1537
1451
1497
1429
1507
1574
1551
1612
1566
1612
1552
1597
1604
1609
1525
1568
1513
1418
1612
1553
1543
1531
1535
1511
1539
1462
1521
1490
1480
1541
1541
1540
1541
1546
1539
1577
1500
1528
1538
1546
1500
1549
1497
1598
1561
1548
1615
1520
1431
1610
1576
1576
1531
1545
1615
1615
1441
1543
1579
1409
1444
1538
1508
1541
1433
1421
1541
1487
1510
1523
1465
1546
1549
1549
1541
1531
1544
1537
1538
1546
1539
1470
1518
1538
1546
1459
1497
1541
1546
1549
1457
1571
1577
1612
1492
1513
1510
1508
1449
1495
1531
1612
1582
1558
1508
1561
1603
1612
1544
1597
1577
1536
1461
1541
1488
1355
1478
1546
1444
1541
1483
1546
1609
1447
1615
1467
1523
1546
1609
1576
1462
1503
1536
1508
1518
1447
1546
1569
1612
1534
1532
1554
1467
1541
1470
1439
1549
1518
1495
1545
1526
1541
1541
1538
1546
1487
1546
1546
1544
1546
1521
1538
1549
1546
1541
1538
1429
1381
1533
1414
1536
1549
1541
1518
1577
1549
1538
1520
1544
1487
1497
1544
1518
1459
1546
1513
1606
1541
1467
1537
1549
1541
1546
1526
1612
1475
1565
1416
1483
1541
1578
1531
1532
1508
1565
1569
1495
1550
1546
1533
1537
1538
1582
1479
1612
1615
1606
1487
1508
1447
1570
1431
1541
1612
1513
1526
1587
1473
1457
1487
1542
1550
1541
1471
1543
1490
1538
1545
1517
1490
1508
1546
1436
1541
1609
1507
1578
1522
1610
1573
1615
1577
1419
1556
1564
1549
1574
1537
1549
1513
1549
1517
1538
1546
1531
1434
1543
1470
1536
1521
1541
1498
1454
1541
1508
1541
1549
1538
1526
1574
1470
1505
1476
1612
1549
1528
1612
1582
1612
1603
1615
1500
1499
1521
1533
1546
1541
1519
1530
1469
1549
1475
1464
1541
1541
1538
1575
1541
1606
1508
1598
1541
1481
1612
1612
1612
1528
1429
1544
1478
1546
1546
1541
1577
1506
1563
1510
1442
1594
1589
1540
1574
1531
1457
1549
1599
1599
1612
1575
1542
1475
1546
1582
1609
1456
1612
1541
1612
1612
1616
1541
1462
1496
1495
1549
1483
1538
1569
1587
1573
1606
1531
1522
1541
1421
1481
1529
1541
1537
1541
1545
1499
1472
1533
1541
1475
1482
1546
1546
1561
1612
1546
1540
1577
1549
1549
1541
1528
1549
1386
1541
1572
1615
1615
1612
1612
1541
1578
1597
1607
1549
1505
1541
1535
1546
1546
1541
1526
1470
1541
1516
1492
1608
1615
1469
1612
1615
1604
1616
1561
1615
1566
1547
1579
1504
1508
1575
1563
1579
1612
1549
1428
1541
1575
1504
1499
1511
1513
1521
1521
1469
1550
1531
1512
1297
1538
1504
1498
1508
1513
1570
1612
1541
1566
1546
1416
1470
1525
1406
1516
1545
1570
1543
1579
1542
1579
1583
1511
1579
1552
1506
1508
1495
1533
1538
1481
1532
1513
1556
1541
1538
1615
1594
1615
1483
1531
1480
1546
1532
1539
1574
1542
1470
1538
1471
1539
1487
1574
1464
1587
1495
1475
1538
1391
1492
1511
1472
1577
1489
1576
1546
1546
1546
1538
1541
1480
1544
1470
1459
1526
1541
1487
1577
1574
1615
1526
1527
1587
1601
1455
1540
1543
1549
1531
1559
1567
1536
1612
1604
1605
1584
1608
1612
1546
1528
1549
1541
1541
1541
1612
1507
1546
1508
1480
1543
1434
1532
1538
1546
1485
1541
1475
1615
1504
1487
1533
1475
1541
1584
1609
1480
1483
1321
1540
1535
1612
1615
1615
1615
1531
1580
1612
1564
1579
1579
1549
1612
1597
1530
1360
1472
1612
1528
1616
1587
1577
1520
1504
1447
1505
1447
1490
1535
1541
1461
1513
1441
1577
1472
1467
1541
1539
1612
1563
1579
1588
1576
1541
1612
1585
1604
1610
1482
1612
1616
1538
1612
1608
1561
1546
1474
1537
1541
1535
1505
1445
1447
1574
1350
1565
1546
1615
1538
1535
1612
1597
1604
1448
1477
1612
1615
1540
1612
1550
1503
1538
1544
1494
1535
1533
1615
1615
1582
1576
1571
1587
1587
1557
1603
1511
1536
1533
1574
1512
1612
1612
1564
1578
1569
1541
1577
1541
1561
1442
1546
1603
1541
1541
1576
1592
1615
1501
1612
1522
1549
1609
1579
1536
1541
1541
1606
1607
1566
1588
1549
1577
1506
1569
1549
1541
1517
1549
1546
1495
1602
1600
1560
1603
1534
1532
1537
1565
1569
1541
1490
1612
1545
1540
1608
1520
1612
1604
1616
1546
1540
1498
1508
1533
1540
1471
1490
1549
1612
1579
1615
1615
1615
1597
1307
1584
1548
1612
1541
1490
1549
1546
1490
1578
1612
1531
1424
1528
1478
1466
1537
1549
1612
1609
1587
1485
1511
1606
1523
1509
1503
1500
1612
1498
1541
1601
1538
1612
1612
1522
1615
1480
1541
1508
1394
1495
1549
1546
1538
1502
1579
1416
1615
1531
1528
1505
1538
1528
1549
1401
1541
1475
1550
1471
1546
1549
1450
1546
1593
1615
1508
1525
1498
1510
1612
1541
1612
1538
1541
1533
1603
1531
1546
1541
1615
1541
1472
1546
1492
1469
1546
1541
1516
1477
1475
1541
1549
1535
1543
1516
1546
1549
1536
1497
1561
1615
1525
1546
1472
1577
1532
1467
1559
1541
1504
1601
1539
1508
1535
1505
1470
1525
1513
1398
1546
1546
1514
1615
1572
1514
1549
1549
1564
1541
1555
1532
1541
1612
1480
1525
1561
1576
1499
1615
1606
1541
1533
1538
1537
1541
1536
1577
1541
1537
1538
1549
1549
1549
1503
1612
1423
1541
1537
1462
1488
1452
1546
1537
1543
1615
1472
1439
1454
1544
1521
1526
1584
1541
1574
1531
1484
1513
1541
1486
1525
1537
1549
1558
1612
1536
1534
1412
1612
1541
1612
1538
1554
1538
1467
1488
1442
1558
1572
1541
1490
1535
1541
1541
1490
1543
1610
1597
1608
1600
1475
1544
1407
1513
1543
1546
1484
1606
1480
1513
1393
1476
1541
1532
1541
1572
1541
1509
1546
1566
1612
1543
1475
1550
1537
1577
1504
1533
1449
1478
1477
1507
1487
1532
1492
1615
1500
1541
1488
1541
1599
1574
1541
1549
1546
1549
1549
1597
1541
1612
1615
1541
1567
1561
1479
1474
1549
1549
1469
1606
1538
1490
1541
1433
1479
1541
1537
1612
1615
1615
1615
1612
1510
1541
1546
1475
1475
1466
1607
1601
1537
1615
1541
1612
1612
1612
1454
1499
1541
1615
1582
1535
1549
1487
1454
1610
1607
1540
1462
1612
1566
1609
1612
1498
1544
1499
1475
1612
1579
1612
1464
1510
1615
1546
