110
90
91
106
118
98
90
114
116
130
121
134
117
96
98
120
88
122
125
107
127
97
89
116
128
96
115
102
118
96
111
122
110
100
120
113
107
118
128
126
126
129
103
98
82
111
115
93
104
106
107
85
98
102
127
131
104
105
101
89
102
124
110
93
99
93
82
116
100
113
103
79
117
123
84
120
96
108
80
115
133
125
90
109
129
96
121
113
120
125
108
99
102
126
103
119
122
119
90
120
93
109
134
118
121
113
109
105
81
97
111
102
118
105
108
122
104
107
120
86
112
105
87
106
96
114
104
126
101
128
112
134
117
117
115
116
137
98
90
112
94
125
113
110
117
116
115
113
130
108
97
115
111
131
115
94
104
107
111
114
108
114
116
113
106
120
126
92
120
110
106
111
95
106
73
102
106
86
129
118
110
110
97
124
114
107
111
131
87
107
100
107
120
99
104
86
105
119
124
103
107
97
107
118
131
108
109
108
121
112
113
93
111
102
114
110
104
134
116
107
110
117
116
109
95
116
131
114
118
81
115
117
92
91
126
84
127
121
80
113
93
112
125
92
132
125
94
123
96
126
85
115
115
119
132
102
120
128
123
96
101
128
89
107
121
108
98
109
112
104
107
123
112
107
116
108
129
117
98
80
104
120
116
88
105
124
111
107
112
135
107
104
100
118
109
100
123
105
116
118
125
115
113
83
106
86
113
93
125
125
91
103
117
123
78
106
118
121
109
116
119
90
120
87
94
105
115
126
121
115
123
111
108
108
86
113
127
112
126
109
110
93
108
113
119
96
98
115
109
112
116
108
131
104
100
104
101
124
103
117
108
132
124
132
112
117
96
114
123
89
122
131
92
119
113
123
106
111
121
101
114
123
102
105
112
113
115
119
122
108
99
116
98
113
90
127
106
113
93
115
108
110
94
118
106
97
105
113
105
121
117
108
115
96
119
109
123
79
110
116
115
105
132
99
123
113
114
123
124
133
117
104
126
103
124
92
124
136
111
104
134
108
100
79
114
129
116
97
120
130
106
103
95
127
116
116
127
122
100
89
110
108
101
90
114
135
123
133
113
104
123
100
138
119
113
108
119
108
101
122
115
99
112
87
133
112
107
118
104
118
125
141
88
128
115
97
117
78
105
117
115
130
139
124
106
116
105
95
140
107
107
108
114
109
125
89
126
125
116
117
126
125
119
101
112
110
119
124
83
121
115
90
105
104
125
113
109
128
138
111
125
93
117
114
128
130
114
130
118
103
130
109
128
120
125
112
95
129
140
115
129
111
90
112
115
84
127
119
124
131
106
124
106
110
113
120
122
123
127
110
137
124
108
140
122
125
107
112
126
128
111
122
133
121
122
138
106
128
135
124
123
122
132
124
121
131
107
113
123
135
114
117
134
123
140
130
106
101
125
126
116
120
141
133
128
125
122
104
137
134
125
110
141
85
120
127
130
132
137
109
118
110
135
126
139
101
129
109
131
96
116
124
117
137
138
111
127
130
121
122
133
107
116
125
93
129
128
112
134
98
98
110
120
130
133
130
126
123
129
122
135
135
119
131
117
122
128
103
77
136
123
132
121
126
113
102
121
139
133
108
139
125
138
118
129
122
134
83
112
116
135
123
134
136
110
139
125
125
134
130
99
129
120
106
119
132
134
107
132
101
124
134
126
112
138
129
127
111
138
132
132
126
134
115
143
127
117
137
135
138
129
122
125
137
126
137
130
92
135
120
116
108
108
119
116
141
118
139
128
134
127
123
128
129
141
139
108
126
125
120
133
123
119
115
128
128
127
136
129
121
129
123
113
108
119
86
116
128
132
113
135
139
123
112
113
116
120
138
133
135
117
113
128
103
129
115
123
143
124
122
141
122
130
129
116
137
133
130
112
129
136
135
134
135
138
99
132
131
136
128
129
128
136
123
131
128
134
137
144
123
141
137
93
137
120
141
121
118
129
135
125
135
112
136
100
139
128
137
122
113
128
137
113
102
134
143
132
140
120
119
140
122
130
105
112
125
134
125
119
125
139
132
137
119
115
142
116
136
125
140
139
136
115
127
130
136
134
131
130
136
109
111
131
138
138
139
131
142
128
137
141
120
140
143
128
108
141
139
129
139
117
140
135
134
132
115
134
131
115
126
137
117
128
135
126
129
143
126
139
140
120
144
143
140
133
143
137
135
117
117
143
121
143
139
127
143
134
122
121
138
144
140
130
135
130
122
120
119
130
135
142
133
117
129
137
144
144
141
136
142
131
131
122
144
141
132
134
138
140
124
140
130
129
131
134
121
144
142
131
143
140
103
143
140
143
143
141
133
144
132
130
144
144
141
137
138
144
138
143
135
136
139
123
137
135
140
124
144
140
118
134
141
137
140
134
140
126
133
122
131
138
125
128
127
139
143
138
125
144
139
141
134
143
142
139
135
135
144
131
134
130
126
132
144
144
138
144
139
140
131
143
143
131
133
144
137
137
141
138
136
140
118
131
143
128
144
137
142
103
133
143
143
144
140
144
133
140
139
144
141
144
142
138
144
135
102
137
143
144
138
143
141
141
135
141
138
143
137
135
138
136
138
141
114
138
143
144
143
140
137
143
141
143
144
141
140
135
144
138
142
129
135
131
143
143
144
143
140
141
143
134
136
136
140
132
140
133
137
144
141
141
142
140
144
135
139
132
144
125
132
141
126
131
144
126
144
144
131
144
132
142
144
144
134
142
135
143
144
139
144
133
143
144
141
144
142
142
143
125
144
143
140
128
134
138
134
139
140
140
141
144
141
143
137
138
144
135
143
144
144
129
132
144
135
119
143
144
129
143
136
144
144
130
143
141
144
128
144
140
139
144
144
141
141
143
138
141
141
144
144
141
121
144
139
142
138
119
141
144
141
143
144
140
132
138
137
132
144
143
144
144
135
137
144
132
120
144
118
144
141
137
134
144
142
140
136
125
141
141
142
144
144
144
139
144
129
141
132
143
143
115
143
140
131
139
141
141
129
141
136
144
143
127
134
135
143
143
143
135
142
139
143
144
117
127
142
140
144
143
136
144
135
144
140
144
140
143
144
144
140
142
140
143
144
138
143
144
131
138
126
143
120
141
144
144
136
133
140
138
128
144
138
144
134
126
131
141
133
136
144
140
124
144
141
141
138
144
144
144
141
141
144
133
125
144
142
144
124
142
135
141
139
140
133
142
131
143
142
144
130
138
129
141
144
136
143
141
132
144
143
144
141
144
144
138
128
141
143
141
137
143
128
144
140
131
143
137
134
142
141
138
134
144
130
144
143
139
139
123
144
143
143
144
138
144
142
135
144
129
144
141
144
144
142
132
141
140
144
129
137
139
130
135
144
137
143
132
144
144
138
131
143
130
138
138
140
143
141
142
127
138
138
135
143
143
144
143
128
144
138
135
143
140
134
144
139
144
129
131
144
138
141
135
140
142
143
138
138
144
131
144
128
139
118
137
144
144
143
121
144
144
129
141
135
144
144
136
134
127
139
144
139
144
131
143
142
140
127
143
141
142
128
144
139
141
132
125
131
133
131
140
135
125
144
130
135
135
140
132
140
136
144
138
144
144
125
142
131
140
144
128
144
142
144
144
116
139
141
143
132
136
144
123
143
141
132
144
141
144
144
143
135
144
140
144
140
140
135
144
137
127
123
129
141
138
143
144
138
134
144
142
136
127
144
143
140
134
141
138
144
141
144
124
141
142
139
123
140
143
141
144
120
144
135
142
137
139
144
143
113
143
126
142
130
141
135
124
132
135
141
144
144
139
144
132
144
142
124
135
138
125
143
130
143
130
137
140
135
125
144
140
144
119
128
136
143
144
144
140
143
127
140
140
137
118
141
129
144
139
136
135
144
140
141
140
137
141
138
135
144
140
138
133
141
143
138
144
144
131
142
135
134
138
142
129
139
131
134
144
144
142
144
128
137
140
141
143
140
139
137
141
144
137
138
140
143
142
137
142
143
138
141
144
143
144
141
138
135
141
133
144
144
138
140
136
125
143
137
135
144
140
138
144
137
137
138
144
144
144
143
139
141
141
144
128
144
144
143
138
143
144
136
143
136
143
121
133
126
143
141
141
129
138
120
135
141
132
137
143
138
139
144
144
144
123
142
134
144
128
144
135
124
129
139
135
127
144
130
144
143
135
141
142
144
137
131
143
140
144
144
135
139
143
142
127
133
144
138
144
141
140
143
130
144
143
143
138
141
141
118
133
141
143
138
138
139
143
144
130
134
143
143
144
141
134
144
144
141
130
126
144
136
136
137
142
141
143
143
132
141
142
135
139
140
133
128
135
144
141
135
144
118
136
126
141
140
125
143
144
135
143
143
138
134
143
126
144
128
140
144
142
142
137
127
140
142
131
144
137
138
144
140
143
137
131
141
136
138
140
136
144
140
138
120
144
135
142
143
144
131
140
144
130
142
144
128
140
121
143
134
141
138
144
142
144
139
137
120
141
129
140
141
136
130
132
144
138
143
134
144
135
140
122
141
143
144
141
141
144
142
143
141
143
140
134
144
143
138
144
140
142
137
140
137
140
142
137
141
138
119
141
142
140
144
138
144
143
137
144
141
141
143
142
129
134
131
140
144
138
139
139
137
136
144
136
144
141
130
137
123
140
134
139
144
142
144
131
138
138
132
134
130
141
144
137
144
137
132
134
135
129
129
135
135
141
109
128
141
142
138
136
140
140
138
135
144
140
144
144
132
144
141
144
128
132
143
131
143
135
135
143
144
134
141
133
143
143
138
141
142
144
144
140
143
125
142
135
143
130
134
116
143
131
144
143
139
144
144
134
143
144
128
141
137
144
130
138
135
143
138
141
137
139
137
141
143
144
142
143
144
144
138
137
141
144
140
138
136
134
144
135
139
143
143
141
138
128
139
140
131
144
137
119
138
138
144
144
138
137
140
139
138
144
130
143
135
141
141
143
138
133
144
134
140
144
141
144
138
144
138
144
143
137
144
139
144
134
123
130
137
144
116
135
121
132
143
142
144
144
143
140
144
140
144
142
136
144
132
144
142
141
137
144
144
139
132
140
130
140
136
141
141
134
143
125
137
138
136
134
140
144
137
144
132
143
135
134
144
140
143
144
125
143
144
143
141
143
134
144
144
122
143
134
143
134
138
132
144
144
140
142
144
144
144
132
144
137
138
140
139
138
130
141
136
141
143
134
120
135
138
137
136
127
132
140
144
143
144
140
141
138
137
143
144
133
143
143
131
136
142
137
138
143
119
135
134
141
131
143
143
129
144
144
144
138
143
143
141
132
137
135
144
144
128
143
138
144
144
144
144
144
144
139
143
135
134
133
138
143
141
137
133
135
138
138
137
134
143
143
144
144
140
139
144
144
143
132
144
144
144
141
138
141
144
141
143
128
143
141
137
143
131
141
141
144
127
144
144
144
138
141
127
141
132
138
134
144
128
144
129
144
140
120
132
132
134
144
144
144
137
144
144
138
134
128
135
141
144
143
134
140
144
135
134
135
138
144
144
137
143
137
142
144
144
144
141
143
138
144
144
144
135
136
137
144
138
137
144
141
143
140
140
140
144
125
143
137
143
144
144
140
138
144
144
141
144
136
144
138
142
138
137
144
144
138
138
143
144
119
131
144
136
144
144
143
126
144
126
138
144
134
132
137
138
124
120
138
143
139
137
144
138
136
143
141
140
137
132
138
143
131
144
135
136
143
134
143
144
123
132
127
143
136
144
141
138
140
143
141
144
144
129
143
131
143
139
143
143
135
138
120
129
143
136
142
144
135
138
133
143
144
137
144
139
140
141
143
141
144
142
120
144
143
122
127
135
143
134
143
144
141
141
140
144
137
128
141
139
135
128
137
144
140
143
144
143
122
125
142
133
144
143
128
134
138
138
143
143
144
143
144
142
140
141
141
140
138
141
131
136
142
141
137
138
144
138
142
140
125
141
137
140
134
131
141
131
138
144
144
132
141
144
141
136
138
144
131
128
134
141
131
141
129
144
140
144
140
128
142
133
141
144
137
144
144
143
144
143
137
141
137
140
144
142
144
141
144
142
132
143
143
141
144
142
142
144
140
144
129
128
138
134
135
141
130
135
138
141
140
142
140
130
138
128
143
134
141
140
144
143
141
125
141
142
128
142
142
141
144
123
136
144
144
141
144
140
138
139
139
144
144
125
141
137
144
135
131
144
144
129
144
140
144
144
143
140
129
144
144
140
144
144
144
128
131
137
144
136
141
142
138
141
144
134
144
138
143
141
144
137
127
141
144
140
135
144
132
144
132
137
134
141
143
139
133
144
141
134
143
140
138
143
144
138
143
141
144
135
140
141
144
144
143
142
141
138
129
144
132
136
143
137
144
120
128
144
128
140
143
143
138
144
143
142
140
143
140
135
144
138
141
138
144
138
135
143
142
140
144
144
138
144
144
144
134
144
138
138
125
136
138
128
140
141
137
139
143
113
137
144
141
134
134
134
136
125
128
132
139
138
138
132
141
143
143
143
144
135
143
139
140
144
140
143
136
144
139
144
143
144
131
124
132
143
138
138
144
144
122
140
142
142
139
144
134
142
141
143
138
141
143
142
124
129
138
143
144
115
144
131
132
144
129
144
131
135
143
136
141
121
143
141
143
143
141
135
143
135
137
144
144
141
138
138
144
144
140
144
144
129
143
124
143
144
143
140
144
144
134
144
144
139
144
128
124
144
129
132
139
144
143
136
132
130
130
143
140
143
141
140
138
140
144
131
133
143
137
138
131
141
118
117
131
134
142
143
142
141
132
143
144
144
144
144
143
144
126
142
144
138
