3378
3966
3250
4831
4217
5108
3885
3980
3825
3705
3286
3886
3329
3949
3504
4581
3699
4538
4745
4187
3411
4937
4203
4020
3853
3551
4339
3397
3710
4239
4790
3443
3474
4132
4137
3769
4302
3556
4171
2697
4930
4288
3716
3224
4530
3775
3733
3626
4640
4040
3350
3826
4192
4170
3792
3923
4546
4006
4368
4220
4106
4149
3515
4334
4351
2710
4403
2943
4355
3273
4185
4078
4045
3713
4499
3627
4941
3117
4605
3924
3863
5058
4064
4395
4661
4164
4631
3783
4792
4453
5243
5223
4699
5201
4805
4817
5168
4825
4951
4573
4853
4678
5064
4690
5509
4754
5180
4084
4698
4836
4512
5514
5985
4981
5485
4932
5458
5609
5159
5317
5703
4970
5036
5115
5321
5500
4683
5455
5865
4935
5576
5146
5818
5389
5832
5651
5055
6329
6036
6437
5277
5846
5444
5289
5625
5912
5776
5501
6219
5650
5635
5372
5563
5147
5665
5450
5238
5766
5600
6457
5383
5938
5498
6161
5701
6223
6242
6065
4904
6243
5868
5656
6250
5697
6107
6296
5694
6227
5704
6447
6078
6174
6228
6323
6305
6269
6020
6095
5790
5163
5918
6033
5923
6559
6112
5985
6308
6255
5898
6628
6633
6315
6229
6276
6115
6115
5896
6511
6094
6096
5550
6103
4857
5626
6193
4784
6543
4180
5276
4890
3573
3953
3574
4688
3962
4168
4100
4145
4685
3988
4182
4495
4544
4709
4884
6143
5184
5657
6677
6749
6661
6696
6658
6810
6875
6583
6997
7147
7201
7290
6525
6815
6792
6928
7035
7083
6701
7242
7338
6653
7055
7166
7200
7258
6654
6986
7290
6837
7224
6900
6440
7398
6932
7029
6743
6847
6870
6741
7228
6518
6795
6497
6681
7087
6809
6866
6688
7031
6414
6846
7266
7037
6796
6326
6571
7306
6769
6777
7150
6981
5955
6581
7108
6606
6580
6936
6369
6920
7155
6485
7140
6580
7107
6559
6353
6705
6843
6572
6998
6914
6872
6461
6639
6359
6762
7091
7046
7002
7030
6991
7042
6369
6556
6978
6771
6940
7060
6428
7110
6927
6945
7326
6982
7065
7017
6849
7324
7105
6750
6692
6775
7067
6926
6604
6882
7128
7036
7041
7365
7142
6773
7071
6835
6866
6710
6947
6733
6988
6461
7056
6461
7120
7214
7312
7134
7044
6433
6878
6906
6487
6760
7234
6769
7059
6592
7053
6794
6834
6839
6852
7037
7050
6490
7154
6423
6571
6723
6750
6969
6695
7214
6537
6909
6933
7261
7044
6876
6973
6622
6927
7095
7164
6942
7071
6769
6630
7094
6869
6774
6598
6937
6567
6006
7157
7051
6476
7222
6713
7249
7241
6387
6520
7083
7147
7079
6579
7066
7084
6354
7158
6316
6603
7037
6416
6512
6458
6967
6814
6685
7167
6898
7082
7145
6744
6995
7180
6376
7192
7006
6080
6384
7032
6940
7138
7052
6861
6416
6631
6756
6661
7120
7081
6956
6304
6658
6692
7218
6972
7001
6725
6570
7200
6761
6866
7158
7064
6501
6984
6993
6812
6863
7059
6707
7297
6634
6443
7082
5931
6967
7070
7149
6942
7284
7155
6920
6999
6874
7221
6901
6843
6951
6476
6976
6625
6897
6915
6722
6681
7180
6686
6674
6990
6949
6733
7032
6862
6823
6551
6897
6606
6590
6366
6511
5089
6305
6833
6930
7118
6747
6915
7025
6988
6039
6636
6995
6951
6627
7105
6997
6736
7028
6969
6721
6793
6078
6409
6564
7046
6317
6528
6926
6900
6822
6236
6438
6723
7078
7048
6444
6742
6762
7204
6488
7037
6489
7005
7291
6647
6276
6776
6991
6596
7034
7126
6709
6182
6893
7002
6581
6773
6603
7388
6457
6365
6809
6776
6850
6849
7179
6444
7011
6986
6687
7253
7014
6804
6549
7168
6331
7102
7253
6726
6613
6509
7190
6638
6511
6989
6986
6935
6162
6810
6834
6943
6910
6869
6573
6932
6809
7103
6643
7041
6495
6760
7043
6958
6679
6327
6975
7103
6585
6716
7062
6876
6757
6596
7006
6577
6771
6796
6965
6701
6694
6938
6156
6576
6646
7043
7006
6798
6860
6571
6042
6813
7391
6952
6841
7048
7267
6930
6740
6587
6810
6326
6917
7209
6886
6621
6928
7125
7094
6462
6687
6833
6674
6448
6797
7093
6386
6822
6724
6767
6389
6712
7073
6586
6928
7044
6387
7291
6961
6677
7200
6998
6852
7048
6801
7251
6884
6955
6808
6880
6477
6917
6995
7169
6470
6778
7165
6187
6748
6750
7203
6921
6489
6852
6868
7082
7227
6686
6957
6688
6752
7115
6899
7054
6933
6890
7233
6792
6837
6844
6822
6719
7022
7119
7220
7083
6967
6892
7004
7025
7127
7264
7155
6842
6960
6364
7081
7105
6902
6846
7166
6484
7151
7109
6867
7193
6923
7032
6845
6893
7108
7092
6809
6597
6743
7260
7053
6952
7109
6785
6824
6320
6993
7234
6939
6784
7059
7136
7220
7154
6234
6823
6479
6936
7088
6951
6916
6914
6680
6686
7243
7151
6433
7012
6769
7211
6770
7060
6988
7169
6945
7092
7105
6808
6982
6766
6984
7337
7181
6620
7183
7219
7013
7196
7348
7153
7067
6995
6769
6577
7058
6774
7073
6821
6789
6920
6545
7198
7023
6967
6209
6723
7114
7001
6587
7202
7030
6864
6980
6881
7028
7261
6962
7090
6945
6833
6862
7231
7308
6678
6648
7139
6869
6815
7169
7198
7072
7149
6903
7128
7216
6891
6923
7221
7021
6975
7184
6866
7027
7190
6681
7052
7104
7168
7047
6816
7020
6620
6976
7154
7244
7154
6759
7253
7095
7150
7013
7201
6803
7041
6773
6584
7119
6990
7048
7201
7308
7363
6752
6907
7106
6838
6919
6818
6959
7062
6663
7325
6962
7249
7254
7180
7289
7254
7096
7060
6767
7204
7052
7026
6721
6797
7137
6737
6567
6960
6998
7023
7159
7150
7165
7055
7075
6714
6078
6615
7218
6951
7184
7107
6954
6869
7042
7065
6956
7248
7062
6702
7227
6929
6785
7207
6664
6715
7044
7068
7025
5955
6868
6840
6370
6602
7141
6761
7077
6892
6963
7087
6969
7094
7260
7456
6848
7085
6655
7030
6819
6892
7416
6862
7124
7255
7125
7097
6912
7075
7054
7120
6793
7109
7161
7076
6992
6784
6525
6862
6918
6766
6957
6884
7234
7005
7114
6798
7165
6947
7225
7102
7120
6875
6656
7106
7098
7119
7028
6887
7057
6996
7141
6621
6936
7095
7092
7037
7062
6847
7154
7027
7217
7101
6607
7269
6908
6904
6663
6722
7118
6986
6727
7245
6980
6661
6151
6665
6941
7231
6961
6945
6595
6743
6550
6872
7144
6629
6779
7200
6936
7254
6626
6899
6693
6894
6938
7090
6823
7163
6914
6961
6820
7024
7176
7259
6587
7145
7065
6978
7103
6531
6641
7027
6879
6271
7166
6876
6908
7015
7054
7053
6840
6534
7044
5957
6937
6803
6670
7117
6806
7117
6964
6979
7042
6288
6850
6971
7090
6940
6796
7022
6893
6971
7003
6768
6947
7186
6182
6927
6759
7144
7157
7133
6592
6482
6896
6454
6884
6975
6936
6923
7348
6456
6865
6953
7109
6951
6875
7374
6756
6807
6874
6238
6931
7144
6902
6795
6948
7302
6471
7015
7249
7257
7057
7448
6946
6646
6896
6933
6504
7135
6124
6910
7010
7121
7187
6736
7328
7031
7094
6954
7264
7184
7008
7161
6837
6216
7035
6731
6908
6893
6963
7245
6512
6374
6986
6735
6650
6424
6599
6876
7119
6815
6106
7037
6825
7155
7022
6968
7111
6907
6754
7179
6976
7130
7138
6895
7205
6816
6844
7070
7350
7169
6999
6848
6970
7006
6941
7196
6964
6784
6957
7167
6501
6866
6837
6998
6998
6939
7055
6990
6950
7006
6694
6924
6906
6889
6632
7091
6791
6942
6674
7147
6992
7103
6916
6568
6852
6711
6802
6851
6598
7153
6842
7117
6768
7001
6790
7040
6907
7404
6871
7234
6640
6993
6531
7162
7000
6891
6771
6722
7061
6684
7042
6767
7124
6549
6903
6892
7200
6498
7071
7016
6761
7240
6693
6944
7098
6904
6622
6702
7113
6988
6267
6940
6525
7152
7146
7018
6731
6623
7146
6879
7027
7025
6350
6786
6583
7094
6723
6759
6905
7014
6848
6714
7037
6920
7334
6899
6697
7186
6558
7130
7089
7047
6718
6949
6499
7413
7184
6907
7065
6950
7101
7064
6897
7074
6339
6943
7098
7122
6879
6999
7033
6336
6983
6524
7153
6930
7175
7090
6474
7008
7065
6940
6738
7069
7122
7173
6833
7066
6975
7036
6905
7103
6848
6797
7152
7160
6749
6868
7319
6714
7172
6760
6371
7015
7281
7019
6901
6303
6887
6805
7016
6807
7155
6736
6847
6840
7121
6866
6627
7051
7010
7205
6995
6972
6390
6846
7002
6716
6977
6670
6879
7123
6855
7118
7047
6923
7261
7105
6798
6552
6957
6714
7163
7178
6696
6686
6855
6629
6463
6666
6921
6722
7061
7049
7019
7279
7218
7379
7270
7070
6958
7173
6825
7001
7268
6999
6787
6776
7266
6711
7266
6801
6879
7057
6792
7059
6683
7104
6886
7131
7080
6809
6908
6948
6553
7115
7002
7055
7089
6925
6990
6657
7006
7311
7093
6948
7045
7224
7375
7218
6525
7039
6905
6666
6953
7090
6390
6588
7063
7332
7145
7273
7112
6611
6851
6768
7094
6939
7229
6819
7120
6819
7349
6753
7214
7272
7116
7029
6897
6682
6753
6316
7284
6932
7012
6980
6813
6792
6550
6937
6770
7083
6629
6556
7271
7066
7325
6954
7068
6935
7065
6815
6986
7044
6679
6856
6944
7190
6874
7155
6935
6785
6791
6501
6941
6819
7148
6950
6836
6986
6893
7068
6871
6991
6992
6859
7181
6958
6793
6584
7088
6914
7263
7399
7185
6973
6716
7185
6884
6847
7114
6866
7077
7250
6859
6684
6937
6915
6699
6814
7021
6699
7230
7000
7114
7045
7138
7124
6904
6971
6811
6723
7018
7194
7054
7032
6884
6713
7334
7039
6893
6989
7209
6951
6875
6889
7386
7037
6585
6835
6877
6919
7068
6943
7241
6974
6500
7214
7210
6678
6844
7016
7009
7238
6712
6851
6793
7146
6819
6521
6824
7131
6867
6579
6843
6979
7079
6862
6976
6919
6973
6998
7153
6693
7027
6990
6640
6362
6598
6348
7084
6897
6280
7011
6894
6943
7235
6944
7036
6733
7094
6400
6800
7017
7013
7125
6470
7030
6715
6786
6884
6853
6107
7037
7372
6707
6889
6781
6844
6877
7086
6826
6969
6907
7211
6490
6693
6669
7087
6844
6983
6749
6841
7062
7019
7271
6812
7048
7030
6668
7086
7029
7100
7080
7052
7107
6363
7311
6936
6881
6929
6964
7133
6819
7326
7039
6891
6816
6690
7356
6885
7017
6434
7311
6805
7088
7124
7007
6570
6964
6751
6936
6647
7043
6244
6903
7053
7025
6491
7014
6461
6713
6730
6767
7076
6847
6886
7115
7059
6681
6382
7122
7283
7317
6849
6627
6752
7156
7155
6950
7147
7192
7043
6825
6840
7275
7263
6870
6437
7309
7242
6769
6832
7270
6954
6872
6862
7102
6917
6940
6432
6791
6888
6969
7172
7031
6685
7194
7090
6589
7222
6601
6859
7211
6723
6905
7002
7191
6923
6726
6239
6939
7118
6816
6553
7030
7236
6771
6207
6682
6705
7179
7120
6613
7192
7035
6771
7298
6545
6858
6841
6577
6965
6649
7237
7074
6748
7136
6765
6822
6479
7133
6888
6881
6851
7246
6742
7057
7142
6991
6718
7017
6902
7061
7106
7089
6696
6987
7129
7117
7061
7060
7215
7101
7184
6757
7046
6514
7139
7059
6975
7151
7255
6855
7058
6762
7001
6562
7000
6659
7074
6972
6931
7213
6891
7038
7316
7075
6231
6904
6121
6917
7045
7110
7127
7003
6603
6898
7145
7185
6906
6852
7059
6658
6810
6995
6851
6917
6925
7054
7347
6976
7062
6327
6508
7015
6788
6896
7102
6255
6924
7036
7094
6993
7013
7095
7012
6749
6981
6532
7174
7173
7273
6345
6718
6707
6717
6799
6703
6731
7091
6918
5775
6832
6884
7194
7134
7055
7199
6829
7180
6748
7078
6175
6832
7035
6895
6869
7209
7204
7018
6649
6917
6780
6833
7023
6860
7133
7053
6808
7172
6939
7247
7263
6705
7078
7063
7016
6372
7222
7371
6465
6810
6663
6597
6746
6209
7015
7011
6950
6845
6913
6922
7070
6781
6982
7046
7167
7008
7262
7153
7266
7058
7169
6585
6738
7495
7116
7238
7403
7127
7271
7281
7196
7285
6999
7434
7397
7426
7437
7358
6727
7460
7079
7620
7447
7435
7451
7445
7431
6762
7382
7393
7463
7444
7402
7460
7430
7472
6940
7090
7384
7397
7091
7408
7087
7450
7464
7464
7435
7128
7374
7334
7443
7051
7262
7381
7472
7392
6456
7621
7411
7402
7397
7401
7333
7446
6567
7356
7395
7336
7306
7154
7450
7432
7440
7342
6975
7356
7345
7485
7392
7437
7429
7411
7257
7418
6693
7419
7402
7457
7433
7449
7385
7219
7225
7432
6577
7464
7707
7280
7367
7334
6884
7329
7421
7323
7431
7465
7428
7467
7383
7416
7470
7382
6998
7434
7276
7455
7470
7449
7416
7392
7378
6911
7423
7304
7250
6731
7412
7470
7430
7337
7192
7385
7416
7291
7206
7423
7446
7386
7386
7380
7391
7460
7371
7457
6862
7453
7421
7184
7460
7451
7423
7264
7156
7452
7368
7394
7318
7382
7464
7412
7302
7403
7584
7369
7382
7434
7391
7442
7421
7422
6889
7416
7368
7454
7016
7445
7391
7444
7100
7354
7472
7354
7431
7454
7449
7400
7458
7430
7396
7472
7431
7260
7460
7064
7428
6897
7277
6722
7033
7385
6695
7109
7026
7194
7345
7422
7458
7446
7298
7298
7452
6917
7148
6830
7364
7404
7386
7416
7369
7274
7442
7417
7124
7440
7236
7575
7391
7067
7458
7425
7341
7423
6575
7397
7434
7445
6830
7422
7238
6960
7358
7456
7441
7064
7253
7445
7404
7237
7347
7418
7437
7356
7422
7334
7445
7109
7025
7412
7407
7412
7421
7446
7032
7434
7376
7430
7600
7540
7186
7352
7547
7408
6592
4997
4299
4301
4427
4541
3517
4114
6709
4378
7058
6947
6873
6837
6700
7370
6886
7314
6844
6760
7393
6503
6416
7350
7143
7076
7060
6967
6885
7352
7296
5851
6241
7109
6945
7071
7464
7338
7256
7089
7182
7412
7368
7008
6814
7269
7055
6874
6445
6016
7419
6696
7363
6960
7273
7467
7080
6820
6769
7668
5873
7192
7255
7273
7362
6303
6407
7170
6125
7165
6783
6983
6853
6942
7139
6684
6904
6236
7205
6574
6424
7432
7151
7469
7101
7682
7338
7071
7269
6601
6628
7266
6537
7057
7420
7149
7325
7145
7219
7127
6937
7071
7619
6620
7262
6608
6962
7422
7397
7013
6808
7135
6923
7256
7371
6999
7334
6960
6862
7402
7198
7445
6278
7437
5982
7331
7412
7389
7418
7404
7220
6977
6943
7230
7451
6827
7104
7341
6133
7303
7343
6972
7267
7005
7348
6901
6315
7084
7107
7073
7324
7415
7299
6594
7213
7210
7113
6386
6489
6748
7074
6324
6725
7353
7326
7392
6472
6850
7397
6883
7121
6867
6401
7426
6605
6548
7382
7028
6461
7108
7367
7212
7259
7089
7387
7163
7201
7352
6923
7338
7400
6571
7120
6950
7127
7150
7191
7212
7732
7460
7368
7455
7237
7460
7315
7303
6559
7390
7430
7137
7448
7041
7411
7353
7227
7448
7313
7176
7069
7286
7394
6981
6941
7312
7437
7413
7448
6624
7203
7436
7454
7327
7373
6907
7013
6809
7458
7176
7543
7404
7389
7325
7220
6380
7373
7338
7269
6672
7421
7374
7452
7426
7446
7403
7322
7375
7303
7046
7348
7367
7421
7440
7414
7430
7309
7169
7265
6837
7294
7357
6948
7532
7099
7410
7392
7253
7372
7358
7366
7453
7349
7350
7428
7126
7455
7604
7274
7462
7437
7331
7467
7406
7339
7398
6960
7319
7175
7179
7110
7367
7430
7097
7448
7311
7472
6639
7428
7334
7262
6622
7264
7169
7247
7394
7132
7127
7275
7367
7437
7329
7410
7179
7307
7472
7394
6868
7350
7467
7049
7355
7404
7452
7470
7391
6911
6362
7385
7472
7072
7292
7297
7448
6784
7388
7327
7370
7162
7356
7400
6864
7437
7255
7374
7428
6973
7351
7188
7442
7340
7359
7181
7431
7432
6778
7399
7417
7340
7440
7467
7304
6987
7033
7382
6926
7249
7518
7152
7007
6794
7332
7378
7140
7226
7472
7194
7420
7462
7183
6749
7420
7396
7450
7380
7231
6673
7350
6738
7361
6892
7388
7422
7359
6920
7244
7059
7470
7352
7236
7364
7331
7374
7283
7345
7397
7430
7437
7198
7441
7436
6926
7452
7382
7304
7366
7393
7430
7372
6998
7411
6892
7007
7377
7436
6455
7028
7245
7380
7399
7387
7132
7235
7351
6956
7422
7443
7123
7405
7403
7437
7039
7455
7472
7461
7316
7370
7292
6478
7322
7033
6402
7130
7247
7369
7003
7449
7317
6629
7114
7395
6804
7301
7411
6549
6850
7252
7236
7087
7475
7064
6492
7020
6793
6326
7123
7413
6493
7462
7099
7048
7112
6953
7146
7440
7336
7057
6533
7386
7251
7160
7436
7418
7627
5953
6447
6828
5774
7434
6446
7255
7029
6788
7287
7446
6624
6267
6108
7371
7050
6805
7330
6848
7413
7432
7452
7169
7470
7325
6668
7416
7439
7369
7062
7373
7453
7385
7425
7348
6884
7446
7434
7626
6829
7284
7254
7416
7345
6715
6890
7437
7448
7455
6736
7009
7363
6849
7406
7229
7384
7403
6475
7297
6924
6788
6655
7005
7446
6860
6484
6933
7166
7227
7419
6564
7292
7376
7167
7407
7373
7372
7447
7359
7384
6724
7160
7393
7382
7283
6853
7407
6411
7400
7338
6844
7424
6816
7148
5579
7318
5689
6496
5080
6467
7181
6815
7309
7425
7367
6761
7409
6827
7236
7104
7415
5899
7108
7344
7169
6664
6975
7404
7461
6551
7425
7117
7456
6809
7255
7364
6762
6939
4978
5708
6835
7453
7384
7321
7400
7427
7444
6122
7374
7222
7448
7392
7365
7266
7161
7424
7420
7389
7457
6940
7040
6843
7612
7427
6616
7356
7391
6699
7393
6716
7401
6699
7412
7297
7208
7108
7282
7140
6937
7307
7283
6637
7410
7131
7403
7300
7300
6865
6945
7401
6666
7130
6932
7216
6851
7400
6823
7363
7326
7009
7467
7259
6719
7404
7194
7105
7407
7381
7400
7368
7358
7360
7391
6553
7151
7395
7400
7370
7102
7396
7396
7427
7342
6599
6958
6889
6683
7369
7319
6884
7407
7343
6987
7418
7102
6814
6510
7375
7044
7368
7246
7309
7420
7383
7452
7254
7398
7435
7462
6787
7276
7435
7026
6872
6970
6908
7092
7117
6459
7395
6720
7418
7458
7146
7258
7443
6886
6591
7472
7399
7224
7398
7424
7401
7351
7103
6789
7392
7004
7472
7188
7201
7372
7128
7435
7421
6831
7338
7397
7395
7434
6874
7412
7373
7413
7234
7328
7282
7467
7470
7296
7428
6763
6885
7010
7411
6903
7537
7385
6971
6437
7449
6833
7375
7358
7362
7101
7486
6930
7337
7280
7345
7000
6708
7317
7242
7013
7306
7301
7381
6720
7369
6924
7327
6170
7044
7419
7275
7399
7200
6897
7377
7371
7344
7229
6955
7279
7351
7256
6965
6786
6615
7413
6885
7141
7413
6903
7180
7414
7113
6895
7193
7117
7407
7416
7175
7193
6857
7082
7342
7289
7347
7196
7198
6737
7320
6614
7136
7460
7236
7010
7290
7275
7403
6308
7339
6603
7188
7394
6970
7008
6894
7452
7214
7254
7419
7303
7450
7197
6964
7376
7314
7056
7109
7414
7256
6618
7469
7309
7464
6952
6743
7463
7045
7347
6847
7226
6952
7161
7357
6734
5727
7254
5474
7386
7389
7335
7372
7418
7240
7407
7241
7369
6855
7449
6882
7253
7062
7444
7206
7445
7312
7404
7425
7110
7287
7247
6660
7041
7268
7181
7337
7430
7401
7303
6644
6911
7405
7445
7301
7354
7426
6381
7349
7153
7470
6754
6307
7093
6816
7176
7247
7466
6939
7334
7418
7442
7345
7393
6052
6375
7456
6744
7242
6827
6768
6513
7113
7569
7420
7397
7451
7332
7475
6946
6892
7428
7364
7389
6694
7377
7408
7253
7330
7472
7457
7470
7456
7227
6526
6869
7131
6944
6856
7227
7380
7406
7391
6555
7409
6738
7073
7302
7415
7403
7491
6624
7250
7421
6578
7387
6966
6985
7413
7325
6405
7444
6851
6592
7145
7394
6835
6946
7257
6783
7451
7412
7687
7296
7306
7420
7292
7452
7081
6056
7366
7099
7462
7188
7179
6970
7341
6919
7180
7366
7366
7445
7286
7390
6846
7434
7130
7293
7436
7443
7162
6727
7459
7313
7385
7341
7309
7126
7410
7374
7436
7410
7439
7350
7360
7142
7375
6833
7117
6869
7461
7429
7133
6675
7454
7241
6772
7400
7429
5886
7436
7261
7420
6774
7402
6787
6922
7403
7446
7415
7287
7353
6586
7079
6375
7374
6704
7241
7451
7095
7116
7101
6490
7335
7325
6392
7352
7133
5580
7396
6779
7291
7404
7448
7021
7129
7184
7237
7394
6745
7153
7362
7301
7012
7449
7440
7428
6236
6705
6857
6708
7156
6885
6934
7366
6562
7436
7290
7286
6658
7470
7130
6647
7162
7472
7287
7380
6558
6294
7448
7331
7319
7035
7383
7042
7263
7418
7235
7231
6289
7260
7143
6708
6229
6936
7382
7298
6004
7430
6844
6944
7318
7366
7399
7050
7119
7359
7537
6490
6866
7081
7371
7195
6864
7239
6348
7440
7143
7262
7054
7389
7399
7130
6701
6413
7431
7326
6246
7100
7419
7317
7362
7431
7434
7437
6914
7275
6452
7161
7455
7035
6221
7284
6907
6711
7200
7397
7461
7397
7189
7252
6141
7455
7470
6889
6749
7333
7126
6795
6794
7296
7362
7258
6866
6519
7249
6694
7332
6992
7136
7406
7416
7461
6749
7312
7182
7406
7367
6546
7022
7320
7411
7143
7319
7374
6822
7257
7400
7376
6902
7356
7311
7346
7073
6936
7390
7360
7070
7291
7379
7432
7126
7447
7395
6960
7421
7426
7374
7427
7436
7285
7337
