337
385
380
377
369
375
361
385
412
383
411
375
373
314
316
346
347
367
384
400
380
373
381
365
403
367
397
367
352
387
399
376
401
367
359
390
381
352
419
412
362
374
377
381
397
358
390
337
328
377
406
320
435
387
364
428
360
362
377
392
369
359
376
407
368
410
385
369
383
407
423
389
442
398
345
388
334
349
363
351
388
361
334
382
409
361
373
377
360
341
408
394
391
391
356
385
400
396
317
371
386
342
381
355
337
371
411
385
376
375
423
398
362
416
371
339
396
304
368
364
396
359
410
409
395
384
373
388
375
379
382
376
397
356
363
390
382
379
351
407
359
381
368
363
377
399
388
363
376
369
350
358
358
318
367
357
367
422
426
383
381
382
376
345
398
348
372
360
361
360
410
444
387
373
418
393
362
368
371
377
393
373
382
362
432
353
383
381
371
362
396
353
380
390
388
404
347
362
373
371
362
355
391
352
348
344
339
405
410
381
386
349
389
408
377
345
350
339
391
379
389
385
367
344
362
354
378
392
402
386
401
421
380
387
356
359
395
383
365
380
375
409
363
353
395
357
361
361
377
390
359
359
387
363
349
360
376
385
435
392
408
378
406
387
351
407
370
342
407
320
381
382
426
433
381
409
343
362
393
411
364
383
359
408
405
404
386
390
357
385
411
357
375
362
390
418
386
425
392
377
403
421
422
369
421
386
415
428
384
335
399
377
382
425
422
391
370
421
380
362
421
421
469
379
386
410
445
355
408
403
404
403
389
363
373
380
415
440
390
407
441
382
402
399
431
403
435
435
392
408
409
391
435
449
412
438
392
436
381
412
381
418
424
407
423
440
410
445
427
376
422
405
411
377
405
423
401
390
425
395
360
414
403
420
417
387
442
410
400
388
425
439
428
397
441
427
374
418
428
447
432
449
487
416
394
434
476
441
427
410
417
446
450
389
399
390
391
359
366
470
404
433
407
415
387
354
401
441
450
413
377
375
430
429
418
417
436
420
409
430
414
439
428
479
466
448
418
409
415
475
379
411
436
433
374
433
426
451
379
418
393
369
417
433
409
409
452
450
426
422
403
446
426
443
452
441
433
456
396
444
420
465
403
390
422
427
457
429
420
402
434
442
460
429
423
476
460
432
396
453
430
411
486
473
416
438
437
457
456
441
446
458
396
476
475
431
423
395
445
492
481
430
457
425
415
410
468
408
451
410
465
423
479
465
456
469
449
438
473
485
406
471
476
466
465
428
466
435
433
460
412
420
447
454
443
488
468
464
460
483
429
444
448
468
481
481
470
460
465
466
492
462
415
449
449
449
476
478
479
438
448
488
427
479
466
467
457
471
482
464
438
453
493
448
474
472
461
498
481
486
481
421
470
474
457
431
482
429
449
448
465
428
468
449
498
429
483
490
470
410
453
445
438
466
478
451
475
461
479
451
436
479
471
450
493
469
466
427
452
494
475
472
484
449
471
476
465
435
461
489
453
480
463
442
498
475
483
482
465
484
498
466
445
492
483
469
453
493
476
473
491
443
477
483
484
494
435
462
479
493
479
426
474
475
480
418
423
493
473
473
477
485
491
478
461
449
483
464
459
479
495
458
428
425
434
465
469
468
480
496
482
478
496
480
474
501
493
497
453
488
465
453
500
475
462
489
499
458
474
418
453
465
475
460
493
489
439
468
460
456
477
464
467
440
475
453
428
486
490
489
482
470
473
476
493
498
472
474
451
498
480
479
442
442
462
489
478
446
462
489
494
446
482
450
497
496
448
475
478
475
475
437
420
460
485
465
488
463
475
477
498
474
476
464
484
491
473
431
487
482
469
461
469
483
495
462
468
452
481
436
466
484
444
409
491
489
500
491
405
475
472
456
490
452
493
489
491
475
438
459
482
497
490
428
482
483
485
470
491
464
497
472
459
461
489
493
468
473
454
460
442
447
448
453
474
456
468
444
485
488
490
493
486
489
458
500
491
469
459
462
467
498
477
477
474
468
467
430
456
455
470
488
459
463
453
458
487
461
476
469
471
435
498
493
498
497
453
479
418
484
497
496
488
483
498
482
490
491
479
478
448
488
484
485
483
452
456
449
470
500
495
469
450
461
468
475
495
431
418
436
475
478
442
444
462
483
472
466
483
437
495
487
461
476
473
491
496
452
465
493
491
460
469
462
484
478
475
483
473
473
496
498
475
456
463
492
452
465
485
488
483
471
458
472
474
491
477
498
476
448
468
422
470
494
467
481
440
459
473
481
469
457
472
438
497
478
399
468
455
444
488
475
469
482
448
483
486
498
466
436
452
465
435
436
442
485
478
467
485
440
468
467
466
477
436
448
491
481
459
460
496
432
472
490
486
470
440
438
495
450
490
486
467
437
474
476
459
470
472
496
466
476
487
483
487
451
479
498
469
472
472
454
483
490
494
489
457
453
491
478
434
477
474
495
428
478
477
424
482
463
499
487
462
470
439
472
457
462
487
429
475
474
502
430
500
485
453
473
480
450
412
425
480
498
477
484
483
485
488
473
493
480
496
430
443
488
491
462
474
448
449
485
459
483
464
442
502
459
488
479
498
472
493
476
483
482
460
475
480
414
458
470
458
398
475
461
462
484
467
450
453
469
463
449
466
474
475
436
414
491
430
480
458
477
474
462
492
488
485
442
446
485
457
473
433
483
489
484
433
496
481
472
466
469
498
464
487
471
473
460
502
460
477
433
487
485
451
478
474
489
470
441
477
460
449
458
430
448
477
488
495
449
492
485
464
448
450
473
460
459
497
438
479
499
487
491
495
479
451
483
486
438
445
458
424
495
481
474
475
488
431
474
460
432
474
498
480
449
477
497
489
451
457
481
444
425
466
438
493
499
463
477
433
467
481
477
483
470
476
451
477
489
501
496
494
436
484
433
478
470
469
486
480
466
500
481
492
497
492
470
470
474
451
485
455
483
486
500
501
482
440
467
443
460
469
468
483
496
410
465
473
473
481
494
442
498
441
467
441
422
473
491
450
500
479
456
465
465
496
490
497
456
482
495
499
442
483
456
450
492
445
437
500
460
418
432
468
495
474
474
488
438
469
465
398
487
486
494
491
449
472
422
496
491
501
497
476
503
464
482
497
440
475
494
486
459
475
465
422
452
457
415
480
440
437
444
410
446
460
400
477
481
471
431
487
467
469
430
469
445
471
442
465
492
501
475
448
474
474
469
431
464
452
491
470
478
445
446
469
481
460
472
427
477
481
462
484
433
489
487
468
472
431
464
466
441
453
441
423
482
491
475
500
435
491
445
489
497
493
482
484
500
459
492
466
491
480
445
501
438
494
458
491
456
417
493
476
455
458
461
468
466
496
460
456
499
480
491
489
451
461
464
495
459
461
476
488
458
497
491
481
454
480
462
465
481
467
454
488
467
437
488
460
497
440
444
437
493
432
447
458
472
471
451
492
496
444
465
460
486
469
469
476
488
461
455
456
495
479
467
465
436
473
456
461
459
430
463
473
476
490
465
493
466
432
454
488
503
495
462
468
439
478
468
456
451
463
466
456
477
490
498
487
485
446
479
452
470
464
503
470
417
448
460
470
492
495
466
469
488
472
479
452
489
484
438
498
477
478
488
444
484
481
494
466
491
500
482
473
452
483
472
492
475
492
497
474
476
456
481
448
493
502
498
491
437
471
437
475
481
445
452
422
472
466
464
462
461
492
448
481
463
476
475
424
501
446
478
470
461
425
472
493
456
501
463
494
457
489
454
484
470
472
489
462
387
428
434
447
454
450
454
413
452
471
439
460
442
468
450
462
484
426
481
492
493
484
482
455
499
469
501
423
432
484
446
494
453
466
453
491
423
498
481
484
475
471
469
471
454
499
501
492
493
466
498
479
437
454
471
476
474
454
499
490
483
490
447
493
459
450
425
467
485
471
464
459
491
463
475
493
470
474
478
486
481
477
497
487
459
478
469
454
445
462
470
495
450
483
454
475
467
475
478
458
491
480
468
486
491
486
467
489
486
443
463
466
460
485
471
470
473
477
490
471
443
471
454
449
470
502
441
478
469
468
484
459
461
465
448
492
484
489
482
422
484
463
460
476
479
446
489
495
493
487
452
469
481
484
463
459
490
483
471
501
459
491
437
429
444
448
435
489
500
450
427
404
460
486
435
465
468
440
459
467
467
431
474
456
484
400
462
495
499
471
482
501
468
458
470
439
467
453
452
485
495
486
464
494
491
454
488
479
455
450
471
462
495
482
484
498
446
451
480
465
483
471
463
463
485
468
500
433
402
479
445
454
467
442
473
500
473
457
435
458
414
475
494
491
492
468
458
444
474
485
496
482
438
483
456
444
497
466
477
465
491
441
472
451
462
496
468
482
484
499
451
501
498
497
452
462
469
445
449
458
457
476
486
466
499
474
482
455
452
487
472
455
475
474
467
440
466
477
484
488
447
478
494
494
497
465
480
460
499
468
484
492
477
443
417
449
455
495
456
458
500
471
496
476
452
465
473
471
448
487
495
473
470
442
479
456
461
481
464
445
458
462
496
475
487
485
462
480
472
465
489
495
456
462
495
496
490
455
422
480
472
489
455
493
474
448
499
490
489
466
472
484
484
429
483
486
432
486
486
479
467
478
495
492
477
470
491
447
426
470
489
444
489
461
476
471
465
459
443
497
468
467
453
484
432
473
479
432
470
444
490
443
462
479
480
497
436
456
465
466
479
454
441
498
432
485
435
483
466
468
480
493
484
452
494
470
424
488
473
436
481
499
422
449
480
499
441
492
485
493
437
413
460
495
483
443
492
471
466
458
490
495
438
476
486
460
486
474
473
482
486
460
468
449
457
444
433
470
502
464
487
490
482
478
493
451
494
401
489
491
485
447
467
465
449
476
482
475
471
464
499
482
489
495
467
467
466
478
499
482
479
408
467
472
437
497
473
469
447
490
463
455
474
481
474
495
447
499
477
463
485
460
483
472
487
439
479
453
491
474
451
491
480
472
475
490
471
474
473
457
435
473
409
483
493
445
471
479
489
461
479
483
497
431
442
427
472
424
481
494
475
480
421
483
492
495
460
481
454
466
472
445
424
489
432
493
495
462
498
480
465
490
479
450
493
490
470
469
454
405
475
443
490
428
492
436
473
477
480
497
473
493
436
474
461
494
475
467
449
495
443
450
492
495
485
486
481
464
402
467
454
472
456
453
476
467
475
463
492
476
461
483
493
498
457
483
498
493
497
466
450
433
463
497
431
470
421
476
421
454
484
435
481
464
449
491
491
483
463
463
477
497
446
469
444
466
472
469
477
488
495
499
456
459
485
448
482
456
472
472
494
462
494
467
466
492
463
495
452
451
435
491
491
484
447
478
478
497
464
492
463
465
464
480
454
484
468
476
471
458
444
463
490
483
393
445
458
451
433
464
471
430
452
489
469
463
497
495
475
447
488
497
493
468
499
475
431
496
495
460
474
492
490
478
491
430
462
496
486
456
459
482
501
480
485
476
501
487
481
476
500
467
470
475
471
493
465
421
471
497
451
491
468
471
490
459
495
453
488
490
473
478
426
492
484
485
499
490
478
464
479
446
469
499
474
492
493
486
497
488
445
482
483
499
497
491
470
490
434
491
452
429
459
457
462
423
440
467
487
474
458
474
447
469
481
462
454
487
478
422
493
502
497
488
477
494
461
488
463
494
481
494
471
491
468
457
458
462
493
483
429
490
454
481
490
493
485
486
468
488
479
459
478
488
486
428
453
487
495
485
462
483
466
465
422
473
483
493
479
445
484
483
485
482
480
460
473
443
483
472
482
472
476
454
458
485
477
486
470
461
468
440
471
476
480
477
454
482
489
477
461
458
495
499
481
455
490
485
501
458
462
466
481
443
471
466
482
501
502
467
487
492
478
473
474
471
478
489
495
481
467
489
481
473
499
443
465
439
427
491
499
475
482
497
499
481
492
436
481
495
470
473
464
462
480
501
501
501
470
498
492
484
495
498
500
476
478
482
457
497
499
497
485
499
499
500
501
501
490
499
497
499
500
498
466
499
501
484
501
499
498
498
500
499
499
