975
1005
1022
944
1059
1036
962
979
971
1025
1139
1039
969
904
958
1082
1137
977
1051
1198
990
1036
977
924
1048
1047
1030
1026
1084
1256
1035
912
1071
1048
1042
962
939
976
1180
967
1122
1038
1004
1061
1061
1005
1145
1005
1047
967
965
1043
1023
1052
1023
1077
1023
966
942
994
1104
920
1028
1002
1004
918
1034
1106
971
1040
1082
1094
990
1025
1020
931
1020
1047
1016
1038
1059
900
873
926
962
997
1000
1188
932
1025
870
1064
945
985
994
1077
1119
1141
1051
1015
1068
931
1159
957
1095
1112
939
878
940
1124
1023
875
971
997
930
1057
989
1041
1165
1032
1084
1103
1189
1041
987
969
1025
1018
1105
1119
1001
962
1057
938
950
871
957
962
1032
999
939
1047
1105
1128
1033
1079
1073
1055
912
1131
1066
1160
1157
1008
1131
1024
1049
1081
1150
1105
954
1247
922
1061
1053
1155
1054
1001
984
1129
987
1032
1075
1017
974
1244
1149
1083
1126
1078
1261
1065
1123
1029
1201
1126
1018
1224
955
1047
1171
1209
1221
1240
1121
1069
1136
1047
1135
1208
1173
1192
1083
1041
933
1167
1206
1232
1297
1100
1091
1189
1173
1114
1327
1235
1121
1166
1154
1324
1177
1185
1298
1003
1149
1222
1321
1127
1336
1152
1127
1025
1170
1285
1252
1357
1289
1262
1253
1140
1266
1221
1202
1204
1247
1133
1287
1207
1293
1202
1232
1114
1283
1344
1285
1235
1108
1185
1297
1041
1167
1234
1277
1246
1266
1290
1278
1308
1249
1243
1272
1323
1267
1319
1266
1288
1234
1273
1284
1292
1294
1098
1256
1249
1239
1343
1203
1217
1211
1298
1342
1315
1224
1200
1278
1409
1268
1391
1274
1357
1292
1301
1411
1384
1381
1296
1297
1211
1314
1283
1412
1297
1321
1230
1218
1321
1308
1239
1129
1329
1257
1317
1390
1235
1346
1403
1321
1449
1327
1432
1215
1271
1219
1399
1355
1322
1366
1463
1463
1359
1383
1371
1439
1396
1391
1448
1446
1344
1388
1360
1266
1351
1440
1342
1428
1402
1323
1449
1412
1395
1327
1387
1413
1430
1464
1389
1273
1313
1438
1471
1350
1370
1410
1397
1233
1457
1400
1444
1450
1406
1360
1430
1437
1238
1317
1245
1375
1269
1250
1295
1423
1444
1413
1458
1395
1462
1238
1454
1266
1395
1359
1413
1424
1385
1423
1432
1377
1356
1400
1368
1424
1383
1402
1433
1468
1399
1388
1460
1455
1450
1438
1422
1429
1391
1481
1412
1399
1461
1180
1399
1459
1410
1412
1434
1353
1362
1421
1389
1434
1395
1376
1434
1267
1319
1448
1312
1379
1430
1379
1368
1345
1327
1243
1395
1454
1319
1476
1420
1443
1415
1283
1425
1472
1430
1388
1239
1389
1439
1225
1245
1379
1337
1375
1443
1389
1347
1395
1367
1372
1411
1468
1259
1353
1400
1252
1246
1376
1348
1384
1393
1231
1377
1360
1285
1424
1299
1348
1425
1382
1440
1458
1338
1250
1418
1387
1347
1428
1408
1342
1331
1462
1473
1455
1364
1445
1418
1473
1380
1421
1360
1412
1258
1474
1439
1435
1452
1292
1381
1465
1321
1473
1464
1210
1358
1393
1446
1476
1376
1362
1343
1436
1470
1375
1426
1446
1413
1410
1323
1432
1393
1325
1443
1419
1359
1398
1331
1438
1424
1454
1346
1429
1444
1344
1439
1332
1434
1419
1364
1382
1430
1408
1396
1337
1419
1480
1423
1459
1390
1336
1302
1438
1438
1329
1359
1439
1450
1399
1372
1440
1424
1238
1402
1389
1351
1464
1382
1341
1392
1283
1433
1320
1403
1391
1383
1378
1361
1390
1355
1351
1444
1388
1406
1405
1350
1343
1444
1397
1189
1451
1440
1327
1426
1428
1407
1419
1392
1440
1395
1336
1354
1485
1376
1350
1411
1300
1430
1317
1431
1399
1429
1357
1398
1377
1347
1397
1398
1350
1411
1320
1452
1398
1428
1422
1340
1432
1284
1353
1451
1435
1452
1360
1340
1429
1419
1393
1353
1371
1338
1470
1260
1410
1474
1394
1424
1401
1383
1377
1400
1387
1396
1316
1391
1464
1358
1346
1257
1402
1240
1373
1312
1422
1347
1414
1459
1382
1483
1329
1445
1464
1432
1407
1366
1407
1452
1285
1426
1420
1359
1314
1456
1334
1458
1201
1421
1394
1298
1413
1440
1315
1427
1363
1397
1470
1494
1447
1380
1333
1462
1357
1315
1393
1469
1374
1412
1375
1398
1390
1340
1456
1411
1394
1476
1380
1385
1443
1441
1394
1477
1418
1338
1381
1348
1438
1454
1408
1451
1417
1475
1309
1384
1359
1411
1424
1390
1458
1310
1337
1416
1437
1379
1298
1301
1446
1400
1423
1375
1338
1379
1401
1403
1441
1342
1355
1475
1453
1434
1394
1360
1400
1407
1414
1451
1461
1355
1431
1443
1295
1432
1359
1470
1397
1385
1383
1478
1467
1427
1483
1355
1402
1445
1400
1405
1406
1477
1219
1365
1381
1359
1342
1465
1470
1436
1376
1249
1312
1364
1379
1425
1495
1417
1432
1474
1442
1446
1407
1417
1386
1401
1381
1420
1437
1421
1390
1412
1446
1439
1450
1365
1415
1433
1345
1421
1445
1485
1393
1444
1345
1413
1443
1450
1313
1388
1282
1474
1389
1417
1486
1329
1416
1425
1412
1333
1468
1447
1425
1353
1437
1356
1438
1411
1404
1448
1306
1400
1332
1222
1353
1375
1457
1268
1379
1349
1438
1373
1410
1297
1371
1363
1425
1414
1270
1337
1402
1403
1335
1330
1337
1360
1384
1392
1469
1428
1303
1276
1417
1422
1384
1477
1396
1455
1465
1329
1277
1447
1396
1450
1442
1446
1351
1363
1397
1333
1312
1411
1389
1419
1471
1361
1334
1398
1488
1490
1468
1397
1409
1318
1380
1424
1393
1354
1359
1441
1444
1399
1346
1431
1446
1419
1341
1427
1413
1483
1417
1444
1366
1434
1383
1422
1340
1434
1402
1463
1360
1392
1402
1329
1446
1451
1483
1417
1438
1298
1473
1391
1476
1466
1339
1436
1456
1326
1392
1423
1471
1332
1423
1447
1353
1440
1472
1414
1442
1441
1394
1437
1358
1381
1407
1460
1377
1371
1465
1397
1305
1421
1406
1414
1436
1480
1247
1405
1449
1455
1368
1446
1360
1357
1433
1397
1392
1408
1233
1419
1446
1372
1465
1428
1370
1414
1411
1418
1432
1449
1489
1416
1399
1457
1430
1316
1445
1357
1401
1397
1408
1447
1375
1469
1428
1449
1362
1482
1428
1488
1466
1431
1372
1435
1423
1382
1357
1449
1466
1493
1459
1396
1457
1277
1468
1441
1422
1370
1433
1344
1430
1427
1383
1444
1465
1448
1431
1431
1443
1365
1449
1322
1401
1466
1408
1357
1401
1447
1391
1429
1286
1150
1311
1467
1211
1316
1399
1349
1410
1263
1338
1473
1294
1396
1198
1304
1428
1428
1376
1469
1493
1415
1269
1403
1467
1445
1394
1383
1483
1470
1323
1388
1358
1351
1486
1494
1318
1255
1392
1402
1399
1392
1367
1454
1406
1414
1473
1409
1417
1436
1400
1239
1414
1395
1463
1479
1425
1321
1359
1420
1171
1403
1367
1456
1222
1240
1414
1409
1459
1360
1377
1457
1468
1349
1403
1378
1430
1389
1425
1455
1462
1296
1325
1416
1156
1330
1368
1255
1417
1482
1423
1324
1309
1287
1464
1410
1376
1344
1412
1399
1459
1380
1358
1437
1401
1425
1388
1307
1431
1375
1357
1444
1417
1457
1461
1370
1427
1374
1476
1461
1482
1491
1396
1322
1315
1423
1415
1422
1345
1465
1459
1377
1371
1437
1394
1409
1387
1376
1506
1456
1379
1432
1416
1457
1374
1427
1490
1400
1356
1450
1418
1429
1441
1466
1424
1423
1387
1478
1457
1373
1232
1445
1336
1414
1454
1387
1345
1443
1449
1383
1420
1472
1460
1410
1346
1373
1382
1408
1354
1423
1441
1363
1427
1298
1367
1374
1368
1396
1423
1380
1396
1465
1370
1435
1425
1434
1402
1360
1404
1436
1329
1446
1314
1400
1325
1284
1424
1395
1494
1419
1412
1474
1416
1377
1353
1395
1329
1337
1353
1391
1401
1443
1418
1408
1316
1401
1454
1410
1411
1423
1455
1424
1424
1386
1239
1419
1460
1442
1415
1439
1255
1354
1359
1399
1465
1356
1418
1464
1409
1473
1344
1445
1263
1323
1409
1405
1494
1383
1454
1384
1319
1462
1412
1435
1350
1375
1457
1431
1336
1416
1454
1373
1141
1470
1375
1440
1276
1383
1382
1456
1315
1452
1208
1431
1414
1393
1483
1482
1392
1468
1432
1360
1418
1463
1460
1416
1439
1499
1364
1495
1423
1260
1477
1441
1348
1396
1474
1316
1465
1444
1434
1285
1371
1451
1407
1448
1406
1311
1325
1473
1423
1452
1301
1367
1409
1419
1314
1313
1424
1255
1445
1432
1476
1354
1373
1106
1453
1446
1440
1356
1439
1394
1450
1348
1417
1443
1426
1428
1466
1366
1367
1464
1458
1402
1294
1381
1306
1328
1473
1378
1446
1327
1287
1481
1431
1443
1366
1217
1391
1219
1140
1479
1413
1422
1430
1441
1485
1429
1342
1421
1362
1440
1454
1364
1414
1455
1417
1425
1432
1346
1438
1423
1374
1430
1483
1281
1377
1416
1373
1477
1277
1441
1462
1431
1418
1409
1380
1495
1450
1429
1437
1315
1379
1445
1472
1477
1443
1451
1492
1303
1461
1293
1481
1448
1441
1324
1432
1456
1349
1403
1188
1489
1382
1350
1364
1491
1308
1471
1431
1373
1405
1446
1467
1488
1390
1304
1445
1442
1435
1261
1345
1364
1434
1296
1335
1444
1351
1108
1009
1475
978
1123
1145
1132
1206
1268
1338
1443
1232
1326
1439
1142
1149
1280
1169
1256
1268
1178
1411
1015
1237
1324
1314
1340
1228
1296
1399
1367
1379
1496
1339
1205
1308
1460
1386
1427
1464
1377
1412
1358
1331
1445
1396
1365
1348
1430
1431
1432
1411
1385
1456
1359
1350
1344
1447
1427
1449
1398
1365
1410
1380
1486
1429
1457
1380
1371
1470
1382
1363
1383
1420
1439
1466
1381
1421
1433
1437
1336
1457
1397
1363
1372
1385
1401
1434
1453
1208
1458
1400
1291
1347
1360
1451
1385
1295
1415
1340
1382
1463
1419
1402
1484
1400
1352
1448
1445
1409
1375
1412
1341
1334
1471
1351
1400
1404
1455
1457
1452
1420
1479
1435
1403
1462
1454
1390
1446
1488
1442
1458
1441
1353
1418
1419
1480
1400
1438
1480
1331
1359
1369
1439
1385
1433
1449
1385
1421
1407
1423
1321
1368
1375
1159
1373
1363
1370
1433
1163
1381
1446
1331
1431
1279
1260
1251
1356
1433
1283
1400
1459
1451
1343
1463
1368
1410
1389
1457
1479
1357
1440
1488
1349
1453
1330
1364
1423
1397
1474
1472
1448
1411
1415
1372
1494
1391
1346
1400
1458
1427
1400
1402
1449
1408
1354
1360
1414
1477
1449
1399
1430
1360
1472
1433
1268
1313
1472
1445
1335
1390
1450
1382
1456
1409
1400
1394
1359
1364
1434
1324
1427
1399
1405
1362
1413
1384
1294
1475
1368
1447
1408
1385
1405
1389
1493
1402
1414
1383
1391
1414
1341
1377
1458
1455
1442
1463
1472
1379
1369
1404
1426
1346
1349
1414
1420
1183
1441
1454
1468
1463
1438
1476
1417
1377
1491
1469
1258
1433
1479
1469
1336
1312
1240
1414
1410
1367
1441
1445
1423
1447
1406
1447
1308
1379
1410
1435
1391
1441
1410
1468
1382
1386
1425
1404
1423
1441
1463
1441
1464
1378
1346
1460
1456
1408
1402
1407
1431
1444
1468
1452
1445
1360
1417
1446
1416
1442
1468
1390
1344
1494
1440
1437
1469
1238
1458
1391
1453
1364
1450
1397
1463
1431
1414
1465
1398
1422
1373
1464
1351
1415
1444
1347
1492
1454
1454
1339
1436
1348
1387
1379
1334
1415
1381
1435
1381
1431
1452
1409
1435
1368
1410
1316
1386
1348
1435
1390
1394
1366
1376
1449
1416
1393
1445
1487
1449
1413
1391
1416
1386
1438
1450
1368
1393
1437
1491
1407
1446
1392
1315
1469
1341
1411
1412
1420
1426
1473
1362
1364
1327
1460
1448
1338
1459
1268
1458
1381
1434
1444
1424
1436
1483
1458
1404
1425
1420
1445
1367
1324
1400
1433
1429
1446
1448
1459
1419
1413
1480
1421
1400
1478
1473
1428
1397
1461
1438
1429
1381
1462
1435
1341
1404
1461
1356
1409
1397
1421
1440
1392
1470
1333
1394
1450
1269
1428
1387
1419
1401
1431
1460
1446
1422
1474
1344
1457
1345
1428
1435
1427
1347
1407
1397
1428
1448
1463
1327
1380
1465
1471
1258
1449
1465
1484
1384
1309
1454
1427
1415
1389
1314
1423
1401
1433
1404
1469
1410
1441
1340
1427
1375
1368
1439
1362
1449
1445
1333
1474
1406
1408
1428
1432
1429
1454
1466
1386
1474
1383
1430
1476
1318
1374
1425
1392
1465
1352
1358
1395
1428
1407
1370
1500
1448
1485
1471
1456
1380
1412
1287
1334
1357
1463
1435
1456
1475
1347
1493
1457
1369
1391
1463
1414
1442
1416
1403
1474
1405
1410
1372
1424
1349
1428
1353
1448
1357
1398
1413
1446
1417
1233
1412
1456
1488
1476
1431
1409
1442
1454
1425
1458
1451
1490
1421
1392
1482
1369
1282
1311
1418
1445
1394
1386
1388
1403
1367
1444
1341
1405
1325
1352
1453
1341
1442
1375
1334
1372
1347
1438
1420
1370
1361
1389
1316
1368
1393
1370
1383
1252
1305
1406
1417
1333
1221
1456
1439
1425
1387
1368
1416
1423
1356
1480
1440
1344
1431
1328
1479
1473
1412
1328
1441
1436
1379
1273
1413
1396
1402
1494
1347
1373
1455
1473
1456
1486
1392
1402
1427
1400
1390
1458
1423
1474
1374
1489
1383
1389
1446
1389
1368
1426
1435
1407
1402
1300
1400
1424
1430
1331
1484
1263
1417
1441
1391
1420
1477
1386
1466
1401
1479
1506
1402
1497
1419
1408
1476
1336
1468
1487
1404
1449
1474
1491
1407
1432
1490
1458
1493
1477
1497
1468
1501
1383
1422
1502
1471
1469
1507
1470
1491
1503
1491
1483
1496
1479
1497
1486
1504
1475
1383
1354
1474
1492
1489
1489
1397
1489
1451
1504
1433
1486
1477
1486
1477
1498
1497
1503
1494
1490
1499
1492
1490
1502
1447
1470
1482
1498
1499
1502
1508
1487
1506
1504
1442
1389
1487
1498
1501
1438
1488
1489
1507
1498
1500
1473
1493
1500
1501
1492
1475
1492
1501
1499
1483
1476
1502
1387
1484
1490
1476
1491
1493
1491
1504
1502
1454
1449
1458
1506
1499
1484
1478
1477
1377
1486
1326
1440
1493
1500
1479
1496
1489
1506
1424
1486
1514
1497
1498
1490
1430
1503
1507
1239
1460
1479
1318
1461
1490
1510
1498
1510
1460
1380
1505
1503
1453
1455
1485
1501
1442
1487
1436
1443
1423
1503
1474
1450
1376
1505
1489
1499
1488
1493
1510
1499
1500
1503
1499
1490
1451
1403
1484
1506
1505
1493
1357
1460
1462
1412
1433
1464
1497
1472
1497
1495
1491
1493
1492
1493
1496
1483
1508
1502
1486
1483
1441
1495
1503
1471
1304
1508
1500
1508
1507
1491
1498
1488
1455
1484
1479
1459
1510
1493
1499
1505
1386
1507
1508
1515
1494
1461
1407
1488
1513
1436
1464
1449
1501
1472
1494
1502
1514
1485
1496
1489
1504
1487
1498
1420
1507
1501
1500
1495
1469
1470
1505
1484
1489
1483
1502
1487
1495
1478
1493
1498
1492
1501
1502
1425
1447
1496
1483
1503
1503
1493
1497
1492
1502
1497
1483
1501
1504
1451
1455
1480
1506
1505
1502
1498
1507
1502
1504
1497
1494
1509
1450
1487
1505
1501
1495
1503
1453
1506
1501
1488
1506
1499
1414
1488
1494
1449
1191
1479
1485
1189
1515
1469
1475
1496
1503
1474
1502
1505
1509
1500
1505
1484
1458
1493
1499
1440
1493
1492
1499
1455
1504
1492
1473
1481
1480
1480
1510
1490
1485
1496
1503
1485
1497
1496
1493
1507
1332
1480
1489
1291
1495
1489
1210
1310
1325
1504
1316
1491
1496
1475
1402
1378
1485
1482
1491
1492
1488
1464
1499
1505
1490
1496
1490
1484
1477
1449
1485
1485
1463
1473
1508
1485
1491
1486
1474
1434
1473
1490
1476
1431
1448
1456
1499
1483
1463
1504
1485
1487
1477
1492
1235
1467
1440
1441
1493
1373
1433
1483
1445
1479
1484
1493
1483
1439
1474
1491
1474
1500
1493
1492
1462
1482
1505
1215
1498
1506
1486
1487
1501
1459
1502
1492
1489
1507
1457
1418
1462
1490
1489
1488
1473
1496
1407
1258
1366
1405
1188
990
1177
1121
1277
1449
1471
1188
1191
1268
1266
1389
1127
1478
1467
1398
1455
1443
1419
1474
1421
1247
1389
1430
1494
1489
1474
1482
1479
1454
1502
1478
1464
1448
1485
1488
1476
1434
1480
1470
1494
1469
1484
1458
1468
1492
1492
1474
1467
1503
1498
1478
1499
1441
1484
1505
1488
1471
1440
1491
1503
1496
1492
1500
1499
1510
1462
1458
1454
1503
1477
1462
1493
1433
1506
1506
1492
1405
1409
1496
1418
1437
1444
1472
1507
1496
1482
1451
1472
1504
1476
1511
1483
1490
1462
1431
1495
1444
1487
1501
1489
1486
1455
1493
1488
1468
1476
1476
1477
1476
1495
1432
1487
1471
1445
1494
1501
1486
1490
1504
1497
1467
1471
1461
1467
1484
1485
1466
1504
1497
1502
1487
1495
1456
1478
1451
1502
1496
1497
1454
1481
1470
1493
1497
1482
1477
1459
1462
1497
1440
1484
1475
1398
1507
1449
1509
1502
1482
1497
1483
1501
1479
1485
1487
1452
1442
1388
1465
1445
1449
1467
1461
1502
1484
1456
1497
1497
1502
1506
1480
1482
1451
1452
1452
1436
1496
1455
1491
1502
1499
1489
1481
1479
1498
1477
1496
1489
1503
1488
1512
1495
1502
1448
1482
1451
1478
1451
1456
1471
1499
1502
1492
1495
1406
1501
1477
1459
1461
1497
1472
1483
1478
1424
1493
1474
1504
1494
1429
1486
1488
1485
1465
1497
1467
1442
1471
1441
1489
1505
1486
1488
1441
1504
1477
1494
1458
1407
1497
1498
1490
1436
1449
1424
1447
1443
1445
1462
1466
1449
1461
1477
1494
1424
1484
1450
1439
1456
1495
1414
1451
1461
1492
1476
1468
1447
1461
1481
1466
1458
1475
1450
1478
1469
1436
1431
1459
1495
1509
1494
1442
1462
1455
1434
1500
1483
1493
1463
1494
1502
1498
1506
1482
1490
1508
1501
1497
1510
1421
1498
1501
1495
1503
1490
1510
1481
1464
1441
1439
1434
1458
1507
1513
1443
1493
1449
1492
1507
1463
1479
1469
1502
1510
1507
1508
1499
1507
1478
1481
1505
1508
1497
1505
1508
1439
1436
1490
1499
1485
1508
1491
1453
1504
1454
1395
1485
1493
1499
1507
1493
1515
1504
1495
1503
1496
1502
1476
1510
1464
1458
1442
1444
1499
1498
1465
1487
1506
1505
1463
1448
1490
1490
1505
1508
1506
1490
1508
1508
1465
1511
1500
1505
1497
1509
1452
1506
1491
1404
1099
1217
1229
1390
1189
1345
1419
1357
1421
1425
1360
1375
1373
1358
1478
1384
1476
1479
1488
1469
1429
1440
1391
1405
1434
1454
1471
1482
1477
1469
1447
1465
1437
1455
1448
1449
1510
1484
1485
1480
1467
1487
1469
1484
1512
1489
1481
1445
1467
1458
1455
1498
1466
1450
1507
1450
1431
1490
1493
1479
1468
1508
1504
1488
1510
1515
1515
1495
1513
1496
1446
1474
1430
1502
1434
1480
1461
1465
1445
1484
1449
1497
1454
1488
1477
1494
1478
1474
1402
1491
1500
1441
1496
1507
1475
1498
1499
1450
1508
1484
1439
1427
1482
1445
1479
1488
1465
1478
1506
1470
1430
1501
1503
1426
1462
1455
1440
1444
1496
1493
1508
1485
1462
1435
1101
1457
1451
1417
1478
1474
1490
1494
1444
1471
1486
1463
1470
1486
1413
1468
1465
1476
1282
1470
1469
1491
1487
1490
1370
1486
1368
1441
1389
1403
1356
1481
1477
1478
1419
1386
1447
1470
1436
1483
1469
1492
1378
1450
1470
1436
1453
1473
1440
1499
1483
1398
1403
1476
1263
1468
1472
1423
1466
1438
1431
1449
1389
1492
1496
1222
1470
1498
1493
1449
1480
1478
1476
1477
1461
1499
1434
1387
1427
1473
1485
1477
1246
1479
1489
1485
1490
1452
1479
1456
1414
1499
1493
1466
1419
1440
1489
1497
1476
1366
1506
1383
1401
1472
1469
1403
1484
1437
1464
1470
1463
1464
1479
1481
1441
1431
1485
1479
1396
1382
1454
1476
1453
1486
1479
1440
1481
1495
1476
1464
1496
1464
1443
1330
1485
1492
1460
1492
1485
1475
1468
1447
1475
1471
1459
1485
1497
1426
1487
1462
1492
1460
1489
1492
1490
1497
1492
1493
1500
1504
1493
1487
1460
1486
1485
1456
1453
1477
1439
1486
1483
1437
1487
1465
1500
1499
1470
1261
1502
1454
1477
1490
1506
1464
1450
1476
1494
1493
1390
1483
1481
1489
1491
1504
1431
1474
1472
1478
1463
1500
1458
1491
1494
1463
1479
1488
1490
1511
1489
1466
1494
1397
1439
1482
1364
1502
1503
1491
1500
1415
1470
1481
1473
1389
1437
1465
1444
1466
1487
1479
1504
1496
1491
1498
1491
1492
1474
1403
1468
1483
1485
1474
1480
1495
1466
1499
1488
1489
1511
1489
1480
1466
1492
1496
1491
1485
1500
1506
1502
1478
1491
1490
1485
1488
1499
1473
1468
1506
1498
1500
1509
1455
1488
1471
1486
1500
1503
1477
1433
1496
1461
1459
1504
1453
1492
1501
1480
1502
1502
1497
1499
1500
1501
1507
1450
1471
1494
1473
1506
1507
1508
1495
1470
1466
1510
1491
1468
1464
1398
1507
1497
1465
1490
1491
1489
1498
1487
1492
1485
1499
1505
1485
1380
1478
1468
1485
1479
1494
1486
1465
1453
1318
1509
1498
1476
1482
1496
1500
1509
1505
1463
1488
1491
1500
1371
1475
1415
1504
1499
1490
1508
1483
1502
1500
1451
1508
1509
1494
1502
1500
1506
1496
1318
1513
1488
1475
1481
1489
1497
1411
1364
1475
1497
1500
1478
1496
1484
1508
1504
1481
1503
1511
1503
1478
1438
1410
1468
1504
1486
1490
1501
1496
1476
1380
1462
1487
1490
1491
1492
1507
1509
1509
1511
1492
1502
1413
1460
1493
1504
1491
1504
1502
1501
1434
1500
1505
1475
1472
1444
1484
1506
1498
1478
1515
1484
1443
1491
1507
1506
1497
1433
1501
1506
1495
1509
1409
1496
1482
1476
1496
1503
1505
1503
1498
1440
1507
1483
1489
1459
1499
1429
1473
1507
1454
1501
1509
1505
1485
1513
1504
1487
1470
1480
1491
1495
1511
1455
1501
1494
1407
1489
1430
1491
1499
1488
1451
1487
1442
1500
1496
1451
1442
1398
1476
1503
1495
1500
1485
1499
1511
1506
1506
1496
1459
1463
1502
1474
1493
1503
1488
1497
1491
1464
1463
1480
1481
1497
1504
1505
1489
1484
1508
1476
1512
1506
1504
1466
1496
1474
1474
1490
1488
1507
1483
1459
1509
1501
1502
1510
1501
1482
1466
1502
1496
1485
1481
1466
1494
1492
1505
1425
1446
1503
1490
1427
1499
1486
1491
1392
1464
1501
1479
1449
1462
1510
1488
1489
1509
1508
1484
1508
1435
1508
1506
1494
1509
1500
1504
1510
1508
1486
1514
1510
1497
1507
1490
1477
1505
1492
1438
1476
1482
1504
1488
1507
1508
1442
1445
1488
1511
1497
1419
1491
1424
1488
1492
1426
1455
1485
1490
1510
1501
1511
1488
1491
1492
1475
1502
1505
1483
1510
1479
1487
1492
1502
1504
1482
1487
1487
1474
1491
1445
1488
1492
1406
1488
1490
1495
1511
1486
1487
1501
1494
1435
1493
1505
1465
1490
1493
1443
1500
1459
1488
1477
1498
1501
1502
1503
1480
1356
1503
1432
1414
1447
1511
1491
1436
1425
1486
1444
1420
1442
1307
1359
1372
1310
1401
1346
1264
1410
1452
1431
1275
1377
1453
1494
1508
1500
1504
1400
1502
1412
1489
1466
1494
1501
1506
1502
1500
1494
1497
1496
1506
1496
1471
1494
1495
1422
1472
1482
1482
1498
1502
1483
1467
1503
1492
1508
1506
1492
1501
1480
1445
1490
1505
1473
1507
1511
1403
1391
1468
1502
1455
1478
1494
1447
1504
1439
1483
1498
1495
1480
1464
1458
1500
1485
1467
1483
1483
1510
1487
1468
1484
1496
1507
1506
1499
1498
1455
1507
1502
1475
1490
1490
1468
1459
1479
1510
1510
1502
1468
1475
1485
1505
1510
1463
1503
1483
1499
1470
1502
1468
1493
1443
1475
1485
1497
1492
1476
1474
1505
1474
1511
1488
1501
1491
1450
1423
1455
1478
1461
1488
1488
1458
1491
1494
1494
1472
1432
1475
1483
1483
1500
1484
1409
1508
1494
1479
1500
1509
1457
1502
1481
1473
1478
1483
1478
1488
1472
1490
1253
1479
1503
1463
1474
1494
1455
1502
1494
1511
1490
1501
1500
1426
1484
1503
1486
1489
1502
1485
1444
1491
1512
1481
1485
1440
1484
1507
1494
1440
1486
1478
1480
1474
1415
1474
1496
1490
1490
1500
1500
1489
1487
1505
1502
1474
1471
1494
1507
1493
1179
1480
1490
1512
1371
1377
1425
1384
1506
1500
1500
1506
1506
1500
1492
1509
1489
1471
1512
1472
1493
1481
1473
1481
1428
1489
1433
1511
1505
1479
1498
1502
1505
1490
1495
1503
1501
1509
1476
1473
1485
1480
1463
1479
1461
1508
1486
1502
1499
1488
1484
1470
1465
1496
1467
1439
1471
1510
1479
1474
1475
1483
1328
1321
1493
1481
1507
1476
1479
1496
1453
1497
1502
1488
1487
1477
1495
1493
1504
1463
1503
1504
1501
1472
1489
1485
1490
1492
1490
1496
1497
1502
1485
1479
1490
1505
1498
1502
1460
1479
1485
1507
1498
1513
1484
1455
1496
1504
1497
1470
1456
1504
1498
1443
1485
1475
1452
1506
1509
1490
1510
1473
1506
1486
1498
1450
1508
1482
1504
1446
1485
1491
1511
1505
1493
1487
1488
1509
1500
1493
1505
1506
1464
1494
1502
1493
1507
1508
1493
1511
1487
1465
1481
1458
1462
1502
1491
1502
1447
1492
1495
1513
1496
1501
1293
1451
1471
1479
1249
1477
1505
1504
1497
1492
1503
1499
1504
1496
1457
1501
1485
1459
1503
1493
1501
1499
1482
1471
1473
1404
1505
1511
1502
1478
1481
1513
1444
1410
1478
1409
1458
1507
1505
1500
1503
1477
1474
1484
1498
1491
1445
1356
1457
1395
1483
1500
1460
1506
1473
1463
1462
1473
1479
1510
1501
1477
1482
1506
1467
1481
1511
1497
1495
1479
1501
1477
1493
1490
1483
1499
1496
1496
1499
1505
1505
1478
1503
1503
1473
1472
1502
1466
1493
1510
1504
1502
1479
1498
1483
1467
1470
1502
1504
1493
1513
1497
1499
1500
1481
1497
1463
1461
1503
1512
1442
1473
1487
1485
1495
1492
1486
1501
1505
1487
1498
1507
1503
1455
1497
1439
1474
1456
1470
1505
1507
1472
1494
1501
1509
1499
1497
1476
1496
1486
1505
1488
1505
1495
1506
1492
1360
1486
1497
1433
1504
1489
1495
1476
1464
1487
1484
1481
1472
1454
1496
1464
1507
1486
1482
1513
1511
1470
1508
1452
1487
1464
1487
1466
1485
1455
1501
1496
1515
1422
1508
1450
1476
1493
1507
1464
1493
1503
1492
1471
1473
1421
1487
1501
1479
1481
1502
1484
1466
1499
1487
1506
1506
1482
1506
1504
1458
1474
1475
1506
1485
1471
1484
1468
1387
1477
1477
1484
1423
1474
1475
1492
1494
1500
1491
1474
1466
1448
1505
1509
1477
1505
1505
1483
1501
1504
1512
1416
1504
1502
1504
1470
1497
1497
1509
1484
1373
1502
1495
1506
1435
1503
1507
1440
1391
1508
1498
1508
1474
1506
1449
1492
1486
1488
1470
1508
1492
1420
1444
1421
1501
1487
1478
1424
1494
1480
1492
1502
1489
1481
1446
1489
1496
1495
1449
1306
1447
1464
1483
1501
1500
1501
1502
1500
1498
1509
1500
1494
1494
1478
1491
1498
1496
1476
1480
1477
1451
1490
1494
1506
1513
1491
1502
1497
1506
1502
1490
1487
1506
1502
1366
1509
1462
1499
1495
1493
1479
1494
1467
1515
1506
1482
1475
1495
1486
1443
1495
1361
1486
1489
1496
1473
1489
1493
1471
1491
1480
1450
1482
1502
1499
1497
1398
1489
1487
1489
1499
1506
1509
1501
1491
1502
1495
1472
1507
1219
1487
1497
1504
1447
1511
1494
1489
1492
1515
1493
1510
1490
1499
1458
1494
1494
1470
1474
1494
1477
1483
1476
1479
1482
1494
1500
1493
1489
1486
1493
1486
1489
1476
1478
1485
1504
1494
1502
1479
1470
1496
1446
1476
1496
1456
1376
1496
1489
1496
1501
1420
1461
1449
1488
1501
1504
1486
1499
1503
1501
1500
1475
1477
1501
1410
1478
1482
1482
1469
1481
1493
1485
1498
1501
1401
1493
1463
1371
1478
1448
1428
1504
1469
1507
1497
1502
1501
1497
1492
1503
1454
1491
1507
1477
1498
1312
1512
1480
1493
1484
1440
1460
1506
1495
1491
1489
1492
1481
1477
1489
1468
1471
1479
1480
1497
1481
1461
1496
1454
1498
1485
1502
1490
1459
1507
1494
1444
1491
1504
1499
1488
1497
1505
1468
1512
1401
1458
1455
1474
1478
1504
1497
1486
1478
1439
1477
1513
1491
1490
1491
1510
1423
1443
1491
1489
1504
1510
1491
1477
1489
1494
1503
1504
1493
1421
1462
1454
1456
1475
1472
1500
1490
1498
1436
1513
1505
1500
1450
1504
1471
1513
1505
1509
1461
1484
1471
1494
1508
1502
1498
1493
1474
1493
1500
1491
1463
1506
1491
1497
1486
1431
1498
1475
1488
1491
1487
1478
1474
1510
1497
1483
1513
1470
1477
1491
1486
1435
1493
1488
1491
1482
1440
1480
1504
1471
1458
1444
1433
1455
1498
1444
1422
1494
1482
1509
1492
1492
1496
1501
1470
1466
1510
1487
1509
1493
1501
1507
1410
1491
1504
1489
1465
1267
1462
1486
1494
1496
1499
1497
1510
1478
1489
1502
1486
1427
1488
1484
1508
1507
1504
1502
1494
1489
1492
1504
1466
1495
1478
1501
1452
1441
1480
1507
1444
1507
1448
1492
1491
1502
1506
1467
1504
1492
1486
1484
1496
1506
1509
1488
1458
1504
1497
1491
1501
1458
1439
1504
1464
1499
1485
1490
1505
1487
1489
1477
1493
1511
1453
1492
1499
1504
1481
1481
1496
1472
1502
1496
1510
1454
1500
1482
1510
1504
1499
1503
1507
1501
1489
1504
1497
1463
1489
1490
1491
1326
1498
1487
1494
1508
1504
1476
1504
1495
1498
1376
1480
1495
1495
1501
1487
1484
1491
1486
1495
1497
1474
1500
1473
1437
1486
1470
1499
1513
1494
1494
1467
1500
1499
1469
1491
1402
