3421
3644
3337
3581
3772
3287
3572
3942
3600
3668
3664
3618
3666
3767
3984
3705
3589
3359
3594
3535
3899
3760
3643
3754
3549
3778
3846
3535
3531
3825
4124
3650
3321
3839
3474
3744
3884
3957
3789
4143
3512
3308
3512
3746
3364
3728
3735
3227
3850
3689
3662
3712
3649
3485
3617
3883
3713
3865
3449
3582
3476
3573
3211
3782
3355
3815
3731
3632
3346
3642
3370
3630
3487
3592
3328
3738
3577
3515
3774
3706
3854
3638
3053
3838
3776
3632
3387
3535
3692
3567
3596
3438
3429
3314
3628
3876
3965
3763
3583
3882
3551
3907
3417
3839
3386
3852
3775
3707
3515
3274
3793
3742
3444
3364
3303
3637
3595
3501
3471
4137
3384
3528
3972
3448
3390
3867
3689
3528
3789
3619
3633
3407
3498
3433
3533
3423
3621
3820
3475
3360
3694
3747
3579
3513
3621
3550
3615
3710
3652
3818
3763
3788
3801
3880
3725
3456
3804
4286
3884
4050
3720
4232
4084
4225
3741
4184
4271
3748
3986
3965
3971
4083
4347
4406
4511
4192
4552
4326
4018
4290
4540
4231
4178
4597
4255
4481
4340
4555
4328
4236
4358
4511
4164
4348
4434
4465
4454
4504
4417
4398
4405
4494
4324
4529
4485
4350
4291
4247
4380
4343
4436
4496
4438
4599
4332
4785
4232
4646
4434
4588
4642
4487
4734
4510
4160
4508
4477
4560
4780
4785
4705
4576
4725
4502
4554
4735
4855
4526
4461
4314
4582
4664
4640
4645
4811
4520
4750
4644
4435
4716
4655
4492
4626
4414
4495
4793
4413
4186
4830
4634
4592
4445
4678
4652
4673
4480
4789
4457
4736
4623
4691
4532
4641
4301
4174
4328
4521
4699
4550
4814
4757
4864
4605
4503
4647
4661
4810
4207
4542
4696
4407
4468
4595
4755
4739
4901
4255
4590
4829
4684
4540
4672
4502
4709
4334
4560
4683
4498
4723
4781
4660
4795
4685
4464
4667
4861
4179
4551
4650
4637
4723
4620
4671
4683
4746
4753
5061
4797
4373
4737
4717
4616
4535
4641
4613
4614
4774
4784
4397
4483
4539
4924
4747
4563
4606
4405
4759
4689
4220
4702
4734
4700
4741
4575
4542
4740
4431
4672
4839
4812
4805
4702
4640
4593
4759
4436
4620
4785
4431
4677
4975
4337
4616
4710
4570
4803
4493
4800
4824
4665
4373
4376
4749
4707
4444
4798
4851
5015
4906
4825
4587
4699
4416
4750
4613
4458
4664
4692
4684
4705
4818
4862
4516
4308
4746
5124
4465
4577
4558
4694
4693
4795
4734
4454
4982
4729
4463
4662
4658
4422
4565
4613
4714
4518
4480
4290
4951
4682
4973
4361
4734
5029
4788
4559
4393
4714
4844
4723
4518
4733
4699
4697
4836
4650
4412
4860
4375
4628
4646
4391
4815
4305
4360
4926
4866
4712
4631
4767
4559
4795
5042
4778
4583
4712
4759
4572
4780
4751
4345
4509
4352
4764
4444
4657
4749
4518
4597
4827
4691
4683
4610
4579
4320
4832
5030
4585
4626
4792
4890
4911
4672
4673
4703
4728
4988
4683
4829
4977
4585
4393
4723
