2342
2452
2331
2359
2378
2302
2210
2335
2322
2450
2460
2167
2278
2156
2446
2348
2482
2432
2299
2363
2311
2251
2395
2482
2319
2375
2465
2377
2618
2304
2300
2303
2269
2458
2404
2310
2341
2364
2392
2300
2245
2236
2439
2392
2193
2300
2353
2345
2416
2427
2509
2376
2337
2408
2135
2383
2506
2403
2507
2331
2218
2355
2345
2412
2468
2373
2386
2483
2304
2438
2458
2155
2336
2238
2427
2406
2114
2451
2272
2469
2471
2398
2392
2299
2312
2270
2564
2435
2454
2371
2485
2549
2451
2419
2272
2493
2089
2163
2303
2477
2330
2357
2229
2373
2395
2423
2350
2426
2523
2419
2291
2270
2504
2310
2419
2437
2337
2354
2428
2461
2395
2451
2379
2378
2522
2305
2489
2372
2434
2535
2380
2462
2311
2315
2356
2154
2476
2462
2319
2504
2246
2359
2458
2205
2410
2355
2466
2417
2307
2550
2226
2445
2402
2367
2455
2373
2309
2500
2248
2414
2445
2270
2241
2499
2277
2506
2231
2331
2444
2469
2302
2203
2385
2258
2443
2330
2423
2480
2376
2368
2349
2388
2531
2472
2382
2302
2398
2310
2383
2381
2300
2509
2256
2124
2547
2347
2575
2579
2436
2336
2501
2380
2439
2268
2452
2470
2267
2352
2258
2306
2466
2286
2438
2382
2412
2415
2325
2340
2460
2416
2429
2317
2470
2409
2381
2524
2486
2482
2506
2344
2372
2482
2624
2347
2254
2422
2347
2538
2427
2400
2242
2418
2390
2439
2539
2574
2466
2572
2459
2475
2443
2486
2481
2442
2416
2444
2364
2314
2451
2397
2552
2209
2314
2483
2248
2358
2339
2425
2488
2361
2423
2470
2474
2491
2248
2409
2307
2576
2405
2455
2289
2411
2477
2291
2351
2497
2438
2521
2360
2442
2298
2368
2469
2488
2466
2412
2543
2462
2451
2243
2436
2456
2449
2292
2257
2565
2477
2349
2465
2287
2380
2309
2469
2531
2363
2520
2395
2425
2457
2495
2192
2431
2588
2622
2578
2581
2545
2474
2589
2354
2319
2247
2546
2321
2469
2168
2521
2402
2383
2453
2466
2473
2428
2441
2318
2400
2356
2554
2427
2273
2449
2369
2419
2457
2436
2432
2445
2554
2275
2476
2410
2395
2595
2507
2318
2584
2511
2490
2530
2359
2415
2541
2541
2440
2501
2316
2382
2448
2530
2393
2425
2411
2424
2517
2596
2475
2580
2409
2480
2622
2654
2515
2489
2377
2448
2324
2534
2289
2563
2457
2526
2534
2560
2411
2417
2493
2292
2555
2545
2596
2440
2458
2431
2367
2255
2518
2460
2430
2571
2401
2680
2546
2513
2229
2426
2501
2436
2415
2491
2581
2555
2485
2559
2441
2443
2298
2351
2405
2541
2343
2487
2584
2319
2462
2277
2556
2478
2410
2250
2449
2460
2556
2533
2606
2468
2638
2207
2469
2247
2356
2516
2615
2528
2447
2290
2383
2644
2511
2393
2372
2531
2530
2338
2237
2592
2538
2440
2481
2523
2592
2559
2545
2502
2361
2583
2498
2473
2404
2494
2317
2630
2316
2462
2510
2357
2515
2492
2403
2411
2362
2515
2605
2433
2562
2276
2379
2587
2555
2527
2409
2565
2480
2462
2517
2409
2289
2412
2510
2520
2422
2546
2341
2525
2605
2554
2583
2391
2436
2440
2575
2470
2431
2269
2516
2612
2597
2496
2460
2495
2325
2582
2487
2482
2580
2627
2568
2481
2611
2549
2281
2439
2395
2561
2430
2474
2482
2376
2546
2533
2373
2458
2538
2408
2415
2595
2554
2394
2397
2425
2602
2494
2575
2431
2546
2518
2525
2342
2505
2539
2480
2527
2427
2418
2592
2480
2566
2572
2361
2522
2497
2649
2512
2285
2475
2535
2538
2522
2464
2479
2488
2506
2323
2457
2411
2637
2666
2596
2434
2440
2553
2364
2417
2542
2481
2580
2339
2425
2497
2522
2448
2585
2726
2671
2650
2459
2507
2535
2568
2519
2676
2488
2467
2481
2504
2481
2553
2614
2461
2615
2669
2408
2540
2517
2455
2547
2599
2616
2424
2488
2486
2530
2489
2677
2598
2503
2293
2557
2525
2572
2652
2317
2542
2552
2723
2530
2555
2532
2562
2582
2613
2646
2541
2434
2595
2625
2651
2595
2625
2644
2484
2431
2543
2470
2595
2480
2512
2641
2571
2584
2530
2493
2702
2484
2617
2307
2664
2616
2631
2570
2512
2421
2542
2515
2629
2611
2500
2361
2431
2596
2448
2450
2596
2559
2709
2555
2456
2609
2433
2494
2486
2566
2466
2478
2453
2523
2440
2471
2526
2614
2523
2376
2626
2661
2558
2705
2502
2426
2557
2495
2391
2489
2558
2432
2441
2680
2602
2701
2665
2609
2512
2582
2587
2635
2626
2566
2521
2543
2501
2501
2433
2477
2471
2449
2652
2581
2521
2540
2462
2525
2645
2676
2527
2678
2568
2431
2618
2604
2585
2411
2623
2554
2505
2572
2597
2669
2538
2612
2590
2513
2515
2531
2639
2571
2653
2697
2724
2543
2532
2527
2559
2353
2591
2653
2526
2568
2643
2565
2586
2509
2556
2423
2586
2552
2432
2614
2665
2578
2621
2508
2659
2553
2386
2413
2617
2610
2598
2756
2453
2634
2577
2637
2584
2484
2508
2640
2674
2578
2586
2549
2604
2576
2673
2563
2658
2493
2650
2521
2524
2624
2708
2669
2666
2524
2685
2660
2627
2526
2612
2725
2613
2691
2749
2579
2660
2575
2596
2612
2632
2631
2631
2520
2518
2673
2445
2484
2639
2569
2580
2697
2496
2700
2592
2702
2520
2509
2659
2552
2710
2766
2579
2703
2704
2713
2716
2418
2686
2505
2441
2619
2648
2568
2592
2676
2711
2623
2593
2651
2623
2703
2537
2708
2451
2516
2604
2761
2529
2689
2687
2521
2482
2654
2510
2694
2499
2540
2429
2681
2521
2545
2531
2708
2579
2556
2737
2587
2599
2466
2478
2626
2322
2649
2620
2706
2547
2626
2541
2573
2666
2676
2637
2592
2491
2466
2553
2649
2433
2523
2536
2597
2599
2620
2724
2719
2561
2609
2653
2571
2651
2632
2648
2633
2674
2521
2494
2519
2801
2602
2626
2606
2644
2722
2636
2393
2648
2641
2741
2743
2597
2730
2519
2634
2657
2771
2723
2702
2607
2613
2568
2573
2545
2598
2675
2717
2658
2499
2592
2402
2725
2629
2438
2528
2696
2672
2517
2594
2640
2515
2682
2606
2697
2605
2664
2713
2509
2518
2411
2586
2669
2596
2742
2629
2533
2713
2617
2652
2720
2599
2702
2603
2543
2523
2494
2655
2652
2730
2715
2647
2483
2587
2698
2609
2542
2622
2651
2852
2667
2621
2679
2577
2640
2527
2549
2603
2715
2718
2677
2631
2615
2644
2426
2593
2632
2593
2585
2639
2464
2618
2540
2714
2642
2661
2651
2647
2730
2629
2607
2697
2509
2623
2649
2787
2679
2711
2602
2611
2518
2816
2743
2581
2658
2717
2742
2708
2579
2693
2719
2676
2667
2521
2566
2729
2576
2594
2635
2692
2669
2670
2666
2588
2771
2583
2555
2710
2478
2717
2517
2605
2716
2686
2654
2558
2729
2681
2698
2595
2639
2658
2675
2641
2680
2726
2411
2655
2698
2632
2628
2425
2552
2550
2707
2614
2652
2636
2721
2622
2753
2676
2635
2565
2611
2670
2632
2621
2703
2707
2705
2710
2677
2543
2614
2574
2606
2780
2697
2828
2660
2614
2704
2701
2741
2747
2647
2648
2641
2674
2714
2626
2717
2688
2780
2442
2566
2557
2535
2733
2692
2556
2658
2582
2826
2585
2647
2774
2679
2832
2634
2497
2678
2762
2558
2759
2730
2692
2674
2691
2611
2768
2785
2622
2708
2785
2591
2696
2525
2615
2683
2710
2607
2639
2703
2454
2658
2772
2819
2688
2616
2703
2611
2593
2734
2547
2691
2625
2618
2594
2598
2821
2755
2707
2699
2719
2710
2775
2559
2685
2620
2792
2704
2888
2693
2489
2678
2693
2682
2587
2689
2664
2688
2762
2812
2662
2662
2748
2783
2750
2611
2765
2701
2617
2538
2677
2686
2799
2716
2701
2745
2701
2746
2774
2733
2713
2767
2734
2641
2546
2588
2652
2632
2704
2560
2783
2732
2798
2642
2733
2690
2685
2590
2617
2676
2598
2761
2606
2697
2721
2696
2749
2550
2635
2686
2545
2682
2645
2644
2782
2825
2580
2742
2616
2830
2634
2627
2680
2595
2734
2771
2728
2785
2641
2743
2666
2657
2516
2781
2691
2670
2810
2808
2772
2659
2706
2690
2671
2692
2737
2799
2743
2743
2659
2601
2688
2673
2668
2688
2706
2596
2653
2769
2657
2621
2745
2785
2826
2730
2710
2651
2707
2721
2638
2671
2619
2853
2716
2636
2495
2777
2570
2856
2596
2764
2804
2665
2621
2620
2744
2655
2660
2767
2684
2704
2741
2740
2809
2636
2733
2690
2557
2826
2870
2605
2739
2814
2622
2665
2799
2778
2768
2724
2723
2711
2675
2589
2814
2605
2743
2696
2842
2757
2615
2740
2777
2783
2688
2713
2781
2842
2726
2671
2793
2662
2762
2562
2712
2726
2719
2646
2787
2747
2878
2686
2861
2684
2767
2616
2809
2661
2542
2696
2742
2592
2690
2720
2781
2643
2741
2638
2704
2780
2726
2778
2848
2757
2791
2810
2756
2607
2754
2712
2814
2778
2855
2762
2664
2824
2585
2780
2659
2704
2783
2676
2563
2744
2655
2811
2753
2716
2771
2645
2827
2789
2738
2655
2838
2799
2616
2801
2739
2827
2651
2807
2725
2691
2807
2863
2749
2685
2749
2787
2600
2697
2680
2807
2745
2834
2593
2618
2703
2768
2796
2862
2707
2757
2699
2864
2674
2873
2762
2881
2790
2806
2741
2827
2699
2813
2682
2771
2786
2877
2764
2705
2614
2674
2855
2710
2772
2713
2866
2883
2834
2872
2850
2764
2768
2667
2654
2759
2797
2713
2748
2685
2737
2751
2618
2713
2738
2876
2758
2746
2811
2655
2723
2808
2806
2843
2851
2663
2795
2798
2885
2784
2871
2789
2704
2762
2855
2652
2677
2770
2710
2642
2773
2852
2595
2803
2692
2681
2776
2846
2764
2807
2779
2856
2701
2861
2800
2764
2792
2882
2825
2678
2781
2780
2728
2782
2787
2812
2736
2860
2700
2649
2829
2715
2775
2632
2756
2835
2757
2833
2781
2581
2731
2668
2891
2820
2741
2777
2873
2826
2744
2750
2743
2758
2699
2701
2836
2837
2767
2714
2678
2793
2744
2652
2837
2667
2806
2887
2804
2862
2645
2755
2844
2892
2648
2697
2738
2863
2684
2834
2744
2835
2820
2820
2744
2649
2639
2744
2692
2815
2889
2928
2783
2749
2850
2722
2789
2813
2873
2835
2841
2805
2788
2688
2899
2931
2834
2862
2866
2764
2785
2737
2828
2784
2853
2840
2792
2787
2783
2815
2762
2821
2801
2754
2825
2797
2856
2769
2877
2822
2802
2688
2703
2844
2853
2782
2922
2877
2914
2730
2851
2713
2879
2824
2749
2840
2774
2655
2693
2897
2710
2751
2918
2871
2754
2746
2737
2940
2784
2653
2775
2761
2749
2735
2809
2887
2856
2812
2837
2848
2794
2840
2841
2676
2743
2756
2886
2816
2855
2805
2773
2936
2888
2717
2836
2850
2780
2777
2857
2839
2800
2919
2800
2662
2722
2746
2725
2806
2892
2822
2736
2616
2735
2924
2842
2796
2777
2777
2837
2730
2762
2877
2781
2712
2790
2772
2849
2840
2806
2837
2863
2673
2820
2614
2859
2854
2895
2739
2784
2863
2751
2908
2720
2890
2755
2702
2810
2767
2857
2742
2786
2779
2832
2848
2581
2801
2762
2737
2812
2790
2773
2859
2731
2782
2745
2760
2721
2806
2720
2833
2843
2783
2850
2909
2676
2877
2761
2854
2825
2902
2785
2760
2909
2804
2848
2934
2937
2815
2766
2815
2936
2823
2787
2647
2786
2746
2798
2784
2932
2828
2763
2727
2889
2814
2715
2747
2892
2801
2817
2841
2816
2763
2867
2788
2854
2848
2795
2736
2817
2805
2808
2915
2658
2765
2833
2758
2725
2872
2698
2770
2853
2864
2785
2811
2819
2751
2725
2841
2835
2859
2662
2679
2811
2815
2900
2789
2778
2813
2750
2715
2725
2810
2907
2857
2830
2816
2635
2818
2825
2761
2827
2842
2832
2884
2807
2765
2812
2781
2837
2610
2799
2890
2793
2876
2806
2677
2816
2842
2696
2862
2621
2724
2835
2826
2865
2791
2750
2726
2790
2904
2751
2885
2684
2865
2830
2897
2855
2783
2888
2848
2814
2855
2790
2837
2829
2716
2797
2851
2823
2784
2716
2881
2846
2879
2922
2824
2778
2774
2817
2918
2894
2723
2746
2731
2791
2780
2736
2876
2923
2798
2792
2815
2839
2736
2744
2890
2748
2826
2725
2676
2864
2866
2775
2858
2872
2878
2858
2850
2782
2671
2872
2859
2765
2832
2704
2908
2817
2711
2693
2919
2756
2702
2696
2763
2701
2679
2912
2808
2758
2833
2746
2747
2826
2788
2783
2736
2816
2779
2752
2773
2843
2872
2940
2810
2736
2884
2852
2769
2746
2778
2675
2797
2930
2768
2876
2763
2812
2855
2734
2814
2829
2804
2746
2738
2731
2802
2717
2753
2752
2849
2734
2775
2700
2701
2721
2731
2821
2701
2768
2807
2766
2856
2795
2810
2874
2838
2726
2848
2803
2677
2632
2760
2836
2816
2895
2819
2715
2706
2702
2844
2888
2829
2772
2857
2746
2845
2834
2868
2577
2815
2696
2853
2772
2766
2761
2827
2843
2860
2842
2870
2811
2889
2816
2908
2908
2858
2848
2828
2806
2895
2801
2806
2794
2675
2854
2861
2874
2734
2817
2879
2782
2867
2789
2806
2777
2737
2852
2910
2752
2857
2780
2837
2730
2913
2806
2769
2909
2754
2861
2791
2890
2863
2762
2834
2708
2894
2685
2842
2789
2819
2705
2799
2724
2769
2699
2828
2823
2677
2803
2814
2778
2769
2812
2919
2760
2922
2839
2871
2756
2785
2863
2753
2745
2756
2795
2750
2770
2811
2778
2844
2810
2782
2772
2890
2844
2801
2678
2737
2828
2812
2736
2781
2862
2746
2922
2766
2799
2882
2783
2821
2863
2877
2779
2860
2788
2722
2797
2883
2801
2784
2691
2884
2806
2708
2827
2869
2796
2651
2831
2796
2917
2812
2843
2829
2889
2887
2828
2645
2833
2916
2758
2787
2846
2811
2909
2860
2842
2733
2828
2938
2820
2825
2856
2740
2741
2692
2745
2878
2745
2838
2770
2884
2610
2712
2778
2827
2637
2823
2724
2846
2841
2788
2808
2662
2798
2711
2677
2913
2800
2755
2856
2738
2761
2807
2753
2904
2799
2746
2671
2742
2819
2776
2758
2870
2717
2833
2861
2812
2857
2733
2826
2929
2847
2892
2750
2726
2842
2752
2746
2846
2907
2870
2887
2826
2902
2773
2661
2788
2753
2880
2720
2783
2753
2681
2868
2848
2900
2759
2802
2817
2823
2752
2804
2791
2834
2832
2749
2763
2878
2755
2783
2863
2771
2771
2850
2714
2698
2864
2790
2900
2693
2674
2734
2780
2867
2809
2864
2906
2816
2788
2882
2814
2824
2917
2863
2791
2801
2822
2863
2807
2841
2845
2727
2827
2816
2727
2827
2746
2655
2801
2897
2874
2803
2892
2791
2844
2729
2866
2868
2688
2803
2822
2922
2804
2875
2923
2792
2782
2727
2778
2787
2746
2737
2849
2771
2807
2840
2784
2744
2841
2777
2781
2795
2879
2833
2756
2812
2782
2779
2779
2856
2874
2738
2834
2855
2759
2692
2852
2652
2734
2830
2698
2778
2857
2762
2796
2823
2905
2688
2822
2759
2678
2811
2863
2757
2768
2773
2812
2821
2765
2823
2805
2826
2788
2898
2895
2811
2725
2890
2818
2726
2872
2785
2923
2723
2772
2720
2791
2808
2664
2669
2883
2820
2917
2766
2830
2810
2862
2854
2736
2794
2750
2753
2800
2858
2769
2609
2929
2781
2812
2819
2757
2828
2772
2803
2705
2886
2774
2852
2708
2824
2784
2812
2914
2836
2747
2873
2877
2739
2787
2881
2821
2864
2726
2828
2911
2887
2832
2695
2761
2810
2811
2865
2788
2841
2774
2878
2915
2856
2853
2840
2873
2882
2884
2869
2749
2805
2820
2763
2781
2716
2761
2879
2717
2843
2789
2702
2706
2787
2609
2807
2724
2813
2883
2757
2697
2778
2776
2757
2753
2862
2654
2767
2783
2792
2839
2800
2807
2860
2773
2761
2840
2701
2704
2769
2709
2797
2846
2727
2802
2755
2765
2830
2789
2789
2822
2737
2895
2816
2793
2763
2943
2850
2676
2768
2605
2907
2919
2820
2734
2842
2755
2896
2860
2821
2898
2901
2776
2791
2707
2874
2724
2806
2865
2919
2821
2785
2830
2827
2839
2843
2838
2763
2891
2763
2810
2728
2724
2809
2788
2843
2876
2777
2785
2817
2801
2709
2773
2809
2777
2687
2788
2793
2673
2800
2850
2857
2816
2748
2777
2735
2872
2854
2845
2849
2844
2741
2779
2842
2667
2863
2875
2851
2859
2846
2753
2848
2847
2722
2708
2813
2804
2823
2795
2764
2801
2873
2739
2855
2801
2844
2681
2822
2742
2731
2719
2748
2748
2648
2733
2574
2696
2876
2857
2790
2521
2838
2814
2642
2876
2763
2892
2830
2900
2865
2782
2761
2821
2854
2807
2787
2743
2812
2760
2767
2865
2911
2906
2840
2826
2816
2893
2658
2864
2635
2846
2842
2723
2866
2779
2815
2773
2821
2790
2842
2795
2905
2866
2767
2776
2869
2839
2826
2802
2682
2701
2845
2869
2832
2779
2805
2843
2812
2750
2877
2705
2717
2809
2783
2756
2849
2817
2847
2824
2829
2844
2897
2689
2826
2745
2852
2743
2733
2834
2737
2784
2852
2731
2821
2737
2725
2788
2822
2824
2873
2747
2633
2789
2879
2758
2747
2808
2711
2617
2838
2713
2853
2823
2806
2862
2832
2819
2835
2741
2627
2739
2662
2859
2796
2699
2789
2804
2834
2773
2705
2830
2807
2761
2752
2894
2806
2768
2843
2738
2839
2803
2838
2749
2767
2820
2708
2953
2873
2828
2882
2885
2909
2844
2828
2896
2752
2724
2883
2899
2899
2932
2799
2784
2668
2840
2846
2729
2766
2766
2786
2839
2843
2763
2778
2801
2866
2879
2734
2809
2635
2727
2753
2738
2652
2918
2853
2899
2877
2747
2749
2916
2772
2781
2846
2790
2722
2743
2785
2907
2703
2792
2791
2833
2910
2742
2798
2756
2772
2814
2742
2832
2845
2889
2874
2766
2808
2755
2743
2823
2878
2760
2876
2715
2652
2732
2894
2784
2888
2764
2839
2689
2729
2828
2867
2832
2887
2834
2651
2629
2790
2773
2841
2746
2746
2840
2755
2834
2783
2720
2801
2854
2692
2929
2890
2800
2598
2805
2823
2836
2843
2789
2894
2835
2755
2914
2835
2737
2667
2814
2743
2805
2713
2887
2692
2792
2864
2791
2798
2884
2742
2839
2811
2779
2698
2953
2853
2766
2827
2706
2803
2892
2722
2788
2773
2797
2809
2780
2809
2872
2796
2638
2833
2826
2741
2736
2880
2734
2667
2720
2663
2761
2870
2777
2864
2786
2866
2826
2743
2887
2707
2761
2811
2824
2820
2591
2759
2908
2834
2812
2798
2885
2851
2801
2807
2761
2834
2764
2794
2740
2851
2744
2787
2861
2759
2835
2886
2840
2773
2728
2788
2881
2798
2835
2898
2768
2754
2706
2887
2841
2725
2845
2855
2817
2878
2871
2732
2859
2821
2885
2815
2830
2755
2798
2813
2879
2902
2896
2685
2905
2869
2899
2825
2784
2772
2754
2834
2811
2777
2657
2873
2603
2804
2802
2867
2859
2768
2723
2806
2659
2678
2806
2765
2929
2779
2806
2771
2713
2808
2748
2869
2795
2873
2814
2751
2774
2834
2800
2739
2865
2825
2732
2756
2714
2782
2809
2749
2818
2869
2837
2797
2687
2756
2836
2864
2878
2873
2752
2728
2807
2823
2762
2713
2806
2864
2791
2764
2819
2815
2846
2880
2926
2760
2743
2762
2770
2687
2769
2744
2612
2726
2821
2872
2837
2682
2833
2719
2778
2713
2781
2829
2676
2790
2813
2767
2669
2702
2817
2726
2777
2707
2781
2733
2845
2843
2876
2664
2769
2676
2795
2873
2859
2836
2727
2668
2790
2732
2711
2759
2884
2933
2895
2757
2841
2776
2820
2855
2787
2686
2906
2901
2824
2921
2818
2710
2791
2775
2844
2763
2881
2818
2699
2764
2753
2898
2810
2787
2867
2734
2736
2750
2774
2778
2760
2777
2744
2717
2833
2815
2746
2687
2838
2734
2729
2763
2880
2788
2866
2679
2778
2783
2806
2786
2840
2844
2852
2792
2798
2884
2849
2721
2859
2875
2763
2848
2794
2807
2640
2836
2827
2830
2783
2677
2762
2847
2845
2901
2764
2801
2791
2910
2748
2804
2815
2834
2643
2660
2803
2856
2792
2747
2849
2763
2660
2784
2847
2817
2894
2834
2693
2728
2832
2846
2803
2753
2857
2910
2851
2829
2805
2908
2802
2762
2814
2797
2591
2787
2779
2737
2794
2901
2612
2853
2815
2819
2905
2761
2872
2754
2842
2802
2801
2756
2882
2773
2776
2748
2667
2844
2777
2706
2714
2784
2691
2861
2823
2816
2767
2712
2766
2783
2835
2853
2784
2740
2689
2772
2839
2803
2913
2783
2743
2855
2702
2786
2868
2681
2893
2583
2929
2763
2689
2802
2815
2788
2708
2851
2757
2683
2790
2693
2887
2631
2863
2723
2794
2785
2849
2761
2934
2783
2716
2781
2619
2772
2777
2740
2803
2812
2797
2739
2828
2780
2774
2712
2766
2804
2642
2767
2681
2922
2695
2885
2821
2832
2758
2864
2859
2806
2770
2680
2867
2748
2928
2807
2848
2839
2799
2765
2750
2835
2877
2797
2916
2857
2871
2818
2863
2782
2824
2772
2808
2762
2725
2861
2875
2852
2734
2763
2828
2711
2702
2818
2915
2809
2789
2709
2804
2766
2901
2794
2830
2756
2706
2786
2866
2868
2651
2680
2828
2904
2915
2794
2737
2902
2911
2847
2891
2667
2814
2802
2830
2723
2783
2799
2741
2809
2851
2826
2818
2747
2907
2824
2943
2839
2809
2882
2757
2823
2881
2732
2826
2793
2800
2746
2801
2545
2846
2856
2733
2888
2824
2815
2734
2806
2833
2803
2887
2836
2898
2842
2670
2828
2761
2724
2906
2824
2790
2945
2802
2895
2912
2752
2862
2869
2818
2731
2849
2775
2868
2813
2781
2725
2866
2810
2806
2754
2867
2785
2740
2839
2842
2857
2866
2805
2770
2747
2788
2821
2724
2643
2877
2858
2842
2902
2737
2863
2875
2803
2799
2812
2819
2825
2854
2776
2865
2761
2775
2754
2825
2883
2880
2918
2666
2803
2874
2787
2848
2728
2867
2810
2955
2807
2745
2817
2695
2750
2742
2809
2780
2835
2745
2730
2760
2847
2782
2680
2779
2775
2800
2866
2726
2849
2817
2982
2867
2810
2763
2841
2835
2899
2821
2757
2748
2760
2890
2881
2803
2781
2818
2759
2808
2787
2894
2755
2741
2764
2796
2828
2896
2859
2730
2644
2715
2821
2749
2957
2810
2898
2787
2779
2911
2830
2825
2768
2747
2712
2819
2868
2783
2846
2721
2765
2875
2887
2799
2776
2674
2818
2775
2856
2663
2688
2885
2646
2911
2720
2781
2777
2778
2779
2789
2824
2767
2863
2771
2762
2844
2785
2825
2878
2781
2769
2859
2759
2861
2872
2932
2904
2833
2837
2697
2779
2834
2643
2854
2684
2862
2808
2802
2811
2613
2892
2789
2906
2698
2834
2808
2846
2789
2821
2747
2708
2552
2809
2832
2770
2616
2864
2806
2864
2839
2856
2817
2728
2816
2912
2779
2818
2736
2642
2851
2739
2792
2844
2794
2740
2815
2788
2910
2737
2740
2860
2827
2635
2949
2781
2770
2869
2829
2767
2941
2783
2812
2756
2833
2862
2914
2849
2909
2850
2800
2814
2708
2824
2688
2911
2858
2864
2889
2809
2785
2752
2859
2711
2768
2780
2822
2834
2912
2619
2907
2764
2854
2806
2716
2747
2838
2800
2857
2722
2706
2727
2843
2689
2818
2879
2787
2805
2868
2840
2817
2786
2892
2752
2787
2827
2859
2774
2823
2839
2949
2866
2739
2859
2814
2885
2747
2761
2743
2762
2761
2635
2835
2818
2864
2869
2765
2702
2870
2924
2650
2828
2695
2854
2830
2878
2727
2864
2753
2831
2839
2759
2795
2773
2885
2747
2760
2783
2833
2731
2765
2698
2864
2782
2732
2764
2885
2833
2680
2740
2830
2819
2880
2868
2848
2753
2825
2828
2967
2891
2931
2811
2728
2839
2661
2782
2892
2850
2833
2883
2717
2757
2882
2873
2767
2713
2740
2708
2793
2805
2693
2807
2773
2823
2887
2840
2821
2856
2829
2791
2765
2837
2817
2827
2763
2807
2798
2853
2845
2767
2802
2810
2837
2867
2773
2881
2898
2809
2842
2774
2891
2722
2902
2752
2717
2710
2760
2838
2830
2766
2700
2651
2720
2764
2810
2798
2799
2930
2798
2713
2858
2738
2695
2959
2804
2776
2776
2837
2848
2817
2782
2808
2812
2720
2808
2781
2738
2842
2774
2863
2755
2705
2893
2833
2846
2812
2802
2857
2735
2841
2783
2862
2825
2903
2888
2797
2751
2818
2843
2828
2649
2767
2762
2661
2721
2851
2868
2858
2754
2804
2892
2764
2642
2726
2801
2783
2794
2838
2903
2783
2828
2850
2601
2765
2719
2751
2811
2692
2789
2930
2864
2803
2761
2891
2759
2866
2890
2766
2876
2840
2793
2906
2680
2791
2770
2889
2817
2866
2721
2780
2728
2921
2884
2809
2629
2582
2766
2718
2790
2739
2791
2865
2875
2876
2901
2757
2773
2794
2700
2729
2788
2877
2690
2782
2745
2789
2764
2896
2858
2889
2912
2798
2859
2736
2837
2779
2718
2844
2756
2807
2682
2851
2944
2747
2892
2918
2674
2918
2903
2862
2891
2765
2806
2860
2741
2837
2772
2915
2706
2708
2860
2808
2808
2871
2746
2792
2750
2800
2855
2863
2715
2711
2882
2908
2743
2774
2765
2760
2773
2757
2877
2734
2891
2823
2860
2858
2651
2642
2696
2805
2856
2723
2662
2803
2815
2812
2874
2686
2773
2783
2766
2870
2779
2795
2886
2876
2840
2871
2859
2823
2745
2841
2730
2764
2885
2853
2916
2770
2848
2797
2827
2829
2792
2672
2779
2842
2925
2841
2778
2929
2712
2914
2805
2747
2897
2720
2909
2854
2798
2748
2807
2798
2746
2610
2734
2721
2751
2830
2751
2879
2737
2822
2699
2629
2828
2850
2820
2877
2724
2666
2903
2854
2746
2801
2786
2843
2911
2785
2796
2726
2815
2803
2818
2942
2831
2853
2794
2772
2847
2732
2794
2776
2811
2778
2848
2843
2868
2790
2812
2832
2800
2739
2678
2725
2781
2770
2870
2716
2723
2793
2891
2812
2862
2711
2889
2843
2797
2756
2830
2876
2828
2855
2732
2894
2843
2729
2816
2879
2878
2670
2867
2823
2887
2869
2864
2843
2882
2770
2731
2880
2774
2853
2826
2826
2821
2798
2758
2655
2743
2854
2765
2788
2788
2921
2756
2796
2770
2729
2843
2778
2882
2860
2794
2707
2658
2862
2848
2744
2744
2732
2845
2800
2816
2784
2799
2813
2668
2800
2845
2797
2799
2829
2807
2886
2882
2779
2762
2858
2840
2805
2807
2700
2905
2768
2799
2786
2715
2910
2817
2813
2776
2818
2875
2758
2808
2833
2909
2835
2785
2899
2780
2740
2669
2842
2790
2859
2793
2787
2810
2884
2846
2794
2848
2798
2868
2816
2883
2761
2874
2815
2775
2908
2842
2926
2730
2825
2863
2835
2748
2814
2760
2618
2818
2778
2764
2872
2710
2734
2873
2676
2864
2874
2744
2863
2689
2722
2807
2790
2823
2846
2824
2728
2841
2866
2819
2825
2790
2881
2891
2679
2846
2858
2762
2734
2699
2842
2731
2814
2907
2845
2631
2829
2889
2858
2700
2697
2916
2884
2707
2801
2771
2896
2784
2837
2790
2779
2730
2926
2800
2914
2758
2574
2630
2871
2847
2821
2890
2733
2853
2803
2731
2784
2731
2835
2777
2799
2752
2825
2795
2873
2861
2743
2782
2758
2817
2833
2788
2842
2722
2857
2925
2700
2828
2694
2874
2651
2884
2809
2687
2753
2747
2835
2794
2881
2831
2733
2806
2680
2789
2778
2857
2741
2703
2820
2787
2752
2840
2811
2802
2822
2854
2792
2766
2905
2898
2727
2853
2846
2934
2711
2793
2809
2817
2705
2796
2674
2899
2809
2747
2918
2878
2875
2821
2797
2742
2847
2640
2724
2659
2818
2767
2939
2903
2770
2783
2731
2817
2775
2806
2790
2909
2716
2804
2755
2674
2850
2713
2567
2796
2837
2836
2809
2773
2654
2823
2778
2876
2864
2827
2928
2846
2750
2861
2848
2834
2878
2668
2870
2769
2815
2848
2887
2855
2717
2791
2708
2747
2832
2895
2695
2844
2851
2710
2756
2803
2802
2813
2780
2753
2815
2693
2750
2689
2864
2598
2881
2918
2851
2775
2716
2739
2827
2740
2856
2794
2843
2891
2917
2885
2850
2792
2715
2655
2785
2646
2748
2866
2848
2849
2745
2797
2851
2802
2727
2699
2738
2799
2821
2637
2718
2711
2777
2878
2845
2602
2811
2836
2816
2840
2794
2756
2845
2789
2875
2825
2819
2610
2912
2807
2805
2819
2809
2761
2816
2662
2855
2698
2805
2790
2803
2925
2851
2742
2838
2724
2851
2912
2741
2809
2852
2945
2905
2914
2688
2887
2878
2753
2808
2753
2880
2878
2837
2778
2735
2809
2755
2874
2718
2880
2728
2815
2817
2653
2878
2734
2738
2872
2714
2671
2856
2656
2747
2786
2832
2879
2804
2861
2738
2766
2831
2852
2891
2826
2811
2839
2817
2817
2813
2766
2759
2717
2691
2892
2923
2747
2735
2814
2853
2696
2839
2880
2792
2743
2889
2664
2740
2843
2799
2775
2882
2847
2912
2699
2778
2878
2854
2818
2860
2766
2755
2855
2737
2710
2796
2744
2674
2637
2823
2824
2812
2700
2799
2674
2833
2844
2767
2787
2806
2701
2845
2866
2725
2827
2905
2734
2899
2786
2813
2867
2829
2792
2848
2882
2859
2833
2898
2651
2752
2824
2649
2783
2774
2841
2907
2781
2811
2775
2666
2701
2772
2864
2845
2930
2493
2802
2676
2770
2734
2777
2940
2785
2789
2713
2830
2858
2792
2861
2724
2849
2722
2927
2801
2780
2791
2729
2759
2734
2676
2832
2808
2815
2800
2800
2849
2787
2673
2778
2534
2843
2719
2849
2821
2756
2818
2922
2811
2726
2849
2711
2917
2774
2640
2889
2790
2849
2856
2800
2810
2833
2685
2805
2751
2884
2784
2909
2826
2741
2922
2866
2781
2717
2711
2789
2740
2775
2686
2877
2757
2792
2844
2849
2739
2674
2745
2843
2852
2767
2798
2752
2844
2754
2869
2766
2869
2735
2824
2787
2769
2728
2801
2783
2839
2850
2832
2802
2855
2774
2845
2700
2683
2861
2795
2816
2724
2836
2813
2719
2693
2740
2723
2795
2624
2729
2782
2675
2800
2667
2802
2678
2791
2729
2586
2724
2789
2621
2781
2786
2814
2783
2790
2851
2849
2838
2835
2760
2758
2765
2779
2803
2798
2841
2739
2847
2841
2911
2828
2806
2815
2718
2950
2916
2743
2924
2848
2785
2725
2799
2859
2837
2835
2809
2681
2834
2779
2709
2746
2854
2867
2920
2788
2683
2802
2726
2681
2843
2754
2798
2945
